10000
5 40
5 15
1 95
7 2
4 82
2 17
7 94
3 43
9 82
4 75
6 21
8 65
4 36
9 95
10 19
2 31
6 43
4 35
6 10
10 41
7 66
8 5
8 69
5 52
2 72
8 59
5 50
5 4
4 53
9 90
4 75
8 29
4 14
2 75
7 45
9 57
5 64
3 11
6 45
2 93
2 0
7 79
10 71
10 52
3 65
10 65
5 13
5 18
9 44
2 21
3 22
3 40
3 6
1 27
8 35
5 19
8 5
9 60
5 98
6 44
8 55
2 10
10 32
4 65
3 11
5 96
3 82
1 5
9 95
3 95
10 26
6 86
1 65
2 66
8 94
5 30
1 73
3 72
6 31
6 49
8 28
7 93
9 47
4 39
3 5
9 20
7 7
2 37
3 51
10 77
6 46
9 19
7 25
1 56
10 21
2 96
1 57
9 94
2 77
7 2
7 71
1 32
5 94
8 99
6 99
1 17
8 15
4 35
8 73
9 43
2 97
10 92
8 38
4 5
10 67
4 19
5 55
7 81
10 46
7 91
7 53
3 8
10 27
8 85
2 33
4 73
5 55
5 15
5 15
7 71
8 54
5 86
7 0
3 13
8 33
6 35
9 18
5 55
4 81
4 68
6 58
7 12
4 91
8 36
8 62
10 69
8 58
1 38
1 47
7 21
4 27
9 92
8 97
9 64
9 37
2 50
10 80
10 66
6 78
10 73
8 56
3 31
7 13
10 81
10 75
1 62
10 96
3 38
8 30
6 46
3 39
3 31
3 15
8 0
6 41
3 63
7 64
3 65
2 0
8 59
9 82
5 14
6 77
8 31
7 32
7 73
7 58
10 6
2 67
5 100
8 100
4 71
8 92
3 32
10 60
9 86
5 12
9 19
8 64
2 78
3 58
3 57
8 85
8 45
5 80
10 94
5 54
8 45
7 20
8 35
6 19
2 65
3 40
3 51
7 58
1 11
9 98
4 51
8 96
1 90
4 54
5 26
2 29
6 48
2 5
3 4
8 100
5 47
9 56
8 18
7 34
4 40
6 31
7 67
10 65
9 76
8 48
2 18
1 66
5 76
10 58
10 36
4 28
4 85
7 55
7 96
1 74
4 91
4 74
4 95
8 69
5 69
8 96
10 0
5 75
10 89
9 5
1 92
5 63
5 55
2 94
2 39
8 37
4 52
4 61
6 68
7 58
1 29
3 60
7 23
1 73
10 12
3 32
1 8
8 75
6 1
9 54
4 73
9 32
5 65
3 37
8 67
3 73
5 52
10 8
9 4
9 55
1 6
10 27
5 23
8 90
9 48
10 33
1 59
1 75
5 81
9 50
8 27
10 33
8 68
5 78
9 96
1 85
2 76
5 59
3 16
9 5
3 12
3 13
5 77
10 58
4 46
2 59
8 41
9 5
3 96
5 84
3 72
4 0
3 20
6 97
10 32
7 62
9 32
9 11
10 59
7 87
4 65
10 66
9 30
4 29
6 92
1 29
1 33
7 12
5 56
5 6
10 14
4 55
9 48
6 39
4 90
10 100
3 50
10 100
7 70
10 66
6 61
10 9
7 2
1 71
4 91
5 44
6 37
3 53
9 77
5 99
2 87
5 30
1 78
10 23
9 71
8 4
7 50
4 3
6 62
3 12
5 93
6 25
2 93
9 87
4 28
4 27
6 83
1 11
2 75
7 38
8 93
5 32
5 69
4 9
6 60
2 2
8 47
2 10
7 32
3 41
6 74
3 30
7 72
6 88
5 61
9 12
8 11
10 26
3 34
7 23
1 52
3 55
2 86
1 42
5 75
10 4
3 1
3 30
1 85
4 78
10 4
1 53
3 31
1 27
6 47
9 58
2 9
5 59
10 75
4 20
3 37
1 67
5 46
10 41
10 0
6 32
10 81
7 5
8 94
1 23
8 85
7 99
9 13
3 56
7 79
3 20
1 0
5 36
9 60
7 85
6 50
2 34
4 21
4 1
3 74
1 7
3 92
3 84
2 16
9 29
8 13
5 59
7 40
7 8
4 26
2 59
2 16
8 31
9 71
9 48
9 66
4 2
4 47
2 82
2 25
9 81
4 71
1 3
10 5
1 47
4 5
8 74
8 47
2 78
5 52
10 55
1 59
8 52
2 38
6 77
10 6
7 86
7 88
2 0
5 21
7 89
5 34
1 50
9 52
10 16
7 53
1 42
8 1
9 69
5 87
1 55
8 30
2 39
7 41
5 60
3 76
1 14
10 12
5 91
1 37
4 93
1 10
10 58
8 9
1 9
1 13
2 24
5 71
6 81
3 31
4 41
3 38
5 33
4 54
1 79
8 18
9 17
6 72
10 96
2 23
1 48
4 1
1 98
8 11
4 52
8 81
5 14
4 8
6 23
2 16
5 21
10 17
8 22
10 4
5 69
2 35
8 46
2 78
6 77
4 14
1 17
8 86
10 0
10 50
8 26
1 74
10 75
10 97
6 41
3 87
1 32
8 93
8 48
3 77
9 25
5 95
5 17
10 48
7 88
9 83
4 21
4 48
3 89
10 76
4 76
3 36
3 1
4 51
8 73
6 49
10 1
3 17
1 76
9 89
1 84
9 29
2 28
10 52
7 6
10 46
8 81
1 25
10 26
3 45
9 20
1 43
8 26
5 65
3 38
6 66
8 32
1 25
6 14
6 97
1 13
3 85
2 68
1 64
5 14
8 57
9 83
10 68
3 80
2 55
1 95
3 33
6 37
9 32
3 85
9 97
8 82
9 83
6 85
9 8
1 66
4 67
9 39
7 34
6 31
2 34
8 79
6 66
7 89
7 15
2 27
5 69
3 87
5 83
3 24
2 17
1 92
5 83
10 84
5 24
8 74
2 93
9 29
4 72
3 66
9 65
10 100
1 100
9 29
9 72
6 34
9 40
9 77
5 2
1 99
7 55
4 36
4 45
5 95
2 72
1 45
4 81
2 81
9 62
10 1
5 24
2 43
8 33
10 28
4 98
9 68
7 17
6 41
3 1
6 37
1 68
9 98
3 83
4 8
9 48
1 5
8 44
1 75
5 23
6 94
10 81
10 4
1 62
1 13
2 56
5 41
4 29
9 66
1 80
8 54
5 86
4 9
5 27
9 56
5 60
6 26
8 75
1 95
4 3
6 33
4 19
9 26
5 47
7 80
1 88
3 40
10 67
8 38
4 26
5 42
8 25
6 3
10 48
9 70
5 37
2 30
1 46
3 84
8 78
3 20
9 53
6 36
10 15
9 65
10 24
3 4
4 21
5 40
9 96
1 63
7 83
3 90
2 61
8 96
1 65
6 73
4 9
6 64
9 27
1 93
1 5
3 54
8 47
2 64
6 100
2 30
4 71
6 2
1 51
1 8
8 35
10 18
2 59
4 49
1 30
9 94
7 66
2 68
2 94
9 60
4 38
10 34
6 71
3 19
7 35
4 9
1 62
6 8
5 5
6 51
1 63
9 22
6 39
7 19
8 5
3 25
8 72
7 52
5 79
10 71
3 74
3 66
8 31
4 12
2 18
2 65
9 34
8 97
6 74
2 45
10 36
5 1
10 21
8 52
4 2
5 53
5 95
8 22
2 38
2 57
9 54
7 69
7 44
10 84
9 40
2 65
8 94
5 90
1 99
9 95
5 64
5 79
6 81
9 12
2 46
2 5
2 87
4 7
10 33
1 36
6 25
8 48
9 39
6 59
3 83
1 41
6 96
8 6
10 77
10 80
2 63
4 42
10 87
10 1
3 19
3 22
6 84
6 22
5 73
7 57
1 25
1 22
1 30
1 57
10 51
3 75
8 62
8 23
4 35
8 17
10 61
8 99
6 69
10 44
3 4
4 29
8 49
10 73
7 85
5 57
8 51
9 84
3 27
6 31
4 38
2 97
7 61
10 7
9 31
3 46
9 39
3 92
7 83
5 27
1 27
7 37
8 32
10 48
4 61
10 25
9 62
3 86
9 100
2 5
9 3
2 59
1 23
2 87
7 77
8 19
1 23
8 49
2 33
6 8
6 68
9 73
6 95
5 82
7 16
2 100
1 91
7 11
7 46
3 66
10 68
8 74
10 37
1 74
10 100
6 28
6 79
6 15
7 74
9 7
9 81
6 50
4 30
3 98
3 80
3 19
3 97
6 93
1 94
4 95
6 90
6 61
4 55
8 73
7 85
6 15
8 31
2 84
5 56
10 40
7 38
5 100
9 23
8 20
5 64
7 13
5 5
3 15
4 97
3 8
6 84
5 2
5 67
6 77
5 54
1 90
6 30
9 79
8 81
10 83
2 69
1 44
10 81
3 87
3 79
5 36
2 91
4 3
7 3
8 61
4 65
3 55
3 22
7 68
1 11
9 15
8 82
4 76
6 96
2 29
10 27
7 33
8 36
9 48
9 89
4 21
7 70
9 47
4 96
8 40
3 70
10 73
2 53
3 41
1 0
10 17
2 64
9 26
9 59
2 75
7 34
9 41
4 89
8 98
5 35
9 15
5 23
10 78
7 24
3 37
5 53
7 5
2 98
5 91
7 10
5 8
5 4
4 11
10 40
7 6
9 67
8 97
2 25
1 2
6 77
2 33
9 34
2 91
8 19
8 53
5 99
2 100
1 95
1 7
9 4
5 65
4 59
10 76
6 39
8 68
6 63
1 43
1 74
9 65
9 24
5 69
3 63
10 41
8 61
2 48
10 2
4 32
6 51
3 17
6 29
3 46
4 46
7 53
2 12
1 48
1 85
9 22
3 7
3 42
1 51
6 57
9 87
6 54
2 23
6 31
6 14
1 1
7 10
3 1
1 3
9 57
8 20
7 66
8 49
8 68
7 9
5 62
2 28
2 81
1 56
6 21
7 44
4 47
4 84
10 4
10 100
1 89
6 37
4 91
1 93
1 88
7 39
5 6
3 32
5 22
10 77
8 7
3 88
5 90
1 42
2 45
9 0
4 74
9 89
2 75
6 62
2 26
6 30
6 20
4 44
6 37
7 72
2 5
3 8
1 22
3 6
7 82
4 38
7 61
10 51
1 65
9 69
8 89
3 58
5 70
4 17
3 49
1 10
2 38
4 47
4 31
3 33
9 37
6 92
10 10
3 26
10 81
6 2
9 28
3 52
7 80
1 66
7 13
9 14
8 100
3 55
3 80
4 36
2 80
1 88
7 59
2 9
6 61
9 52
6 95
1 74
4 91
2 56
3 16
9 60
7 66
8 69
7 77
7 94
7 12
9 56
8 18
2 33
6 90
1 44
5 57
5 64
4 90
8 23
8 65
8 22
5 90
8 58
7 25
7 95
4 33
3 82
8 29
8 15
8 27
7 96
1 58
7 47
2 74
8 35
3 32
3 45
7 5
10 76
10 53
3 4
8 78
8 24
3 75
10 32
6 63
5 39
3 42
3 1
5 63
4 25
6 63
10 34
1 5
8 74
1 9
6 41
4 74
4 74
10 55
5 24
1 83
7 96
8 69
6 42
3 22
2 81
5 38
8 2
4 14
2 38
2 48
7 91
1 44
5 19
2 40
4 24
2 51
4 94
5 42
6 14
7 13
8 5
8 20
9 92
4 46
6 66
1 32
6 96
2 23
5 41
6 45
5 64
1 60
9 91
10 27
8 51
9 26
2 18
8 35
2 40
9 53
1 91
10 82
10 46
6 17
7 0
6 22
2 65
10 78
1 57
5 10
4 91
9 15
2 49
2 4
8 94
3 87
7 76
3 80
6 62
8 49
10 32
4 8
1 36
7 57
1 88
10 0
1 29
8 47
6 39
1 6
5 52
4 97
10 14
9 38
1 46
6 10
6 17
10 32
4 89
10 68
3 60
1 59
8 98
7 93
9 46
7 12
6 85
4 63
8 19
8 82
4 26
5 99
5 89
6 96
10 65
3 75
2 21
1 14
3 73
6 49
3 66
9 48
10 100
6 59
3 71
2 11
2 0
6 61
9 100
3 74
6 37
4 47
7 19
4 16
5 97
4 80
3 17
1 45
10 72
4 14
10 33
2 33
10 45
5 0
3 17
2 62
1 44
2 0
6 7
8 84
4 41
4 72
7 82
1 1
9 65
7 42
9 50
9 29
1 88
10 49
3 98
7 1
10 71
10 13
3 62
3 40
5 48
8 52
2 5
2 12
7 24
6 15
5 49
7 88
8 5
4 5
4 27
7 88
9 36
9 32
2 74
5 96
8 29
3 11
2 67
9 82
9 36
10 25
4 37
1 89
3 86
10 56
4 81
3 36
4 64
2 18
6 56
8 16
9 61
6 29
9 6
1 20
3 97
9 50
1 51
7 94
4 21
3 63
1 47
10 48
3 11
7 77
7 27
2 23
8 58
5 43
10 33
7 19
5 35
9 90
2 34
3 8
9 76
9 6
6 21
1 21
7 43
7 89
4 66
10 82
4 15
9 50
7 40
4 91
5 62
8 24
7 17
6 24
5 34
2 23
7 52
8 30
7 64
3 45
6 63
10 41
6 27
9 91
3 15
5 85
9 30
7 16
6 81
10 83
10 32
4 19
5 55
2 81
6 37
9 11
8 96
10 13
8 66
4 2
4 70
7 55
2 89
6 27
2 11
6 36
10 33
10 8
4 38
3 55
9 22
5 13
4 69
9 5
2 17
2 42
5 68
9 51
3 67
6 51
1 23
3 74
6 64
3 64
2 82
10 89
5 30
5 70
8 46
10 37
10 86
6 1
5 24
7 41
5 74
1 38
3 94
7 61
8 92
10 92
2 54
3 76
4 57
4 6
8 35
10 12
4 47
1 37
5 11
1 29
5 26
1 51
6 12
8 18
10 22
5 69
9 17
6 25
1 8
9 93
2 16
8 92
10 94
6 68
4 98
6 85
8 69
7 35
7 70
5 40
2 48
4 99
1 17
2 62
3 100
6 0
4 51
10 3
2 22
8 80
4 5
9 52
1 98
3 63
5 47
2 12
7 18
2 92
8 32
8 89
4 22
10 73
7 65
5 61
9 52
8 94
4 54
9 1
9 70
6 67
3 51
6 57
4 45
2 28
5 81
9 43
4 41
4 86
2 31
8 6
3 10
5 66
10 8
5 69
9 64
4 44
7 87
5 58
5 100
9 68
10 63
8 81
5 22
10 19
2 52
4 95
9 82
4 59
4 37
7 12
9 96
9 52
4 43
1 26
5 1
6 83
2 50
1 16
10 57
5 45
1 11
5 8
10 98
9 0
5 32
5 95
9 26
1 67
3 21
2 65
3 33
4 31
1 15
1 53
3 33
5 23
8 87
4 24
6 81
9 65
9 21
8 37
6 33
5 85
10 92
9 85
9 22
2 14
2 31
9 48
3 33
3 6
3 40
6 52
8 59
1 3
9 48
9 72
4 78
1 9
3 13
10 86
10 34
7 92
3 19
10 99
5 72
4 92
9 15
10 75
9 73
4 14
4 50
6 23
8 22
4 80
2 3
8 95
1 6
6 1
7 90
8 47
3 31
10 76
2 30
5 59
8 94
2 94
3 78
1 52
3 10
9 95
4 8
2 84
7 32
3 4
10 98
10 77
9 31
6 51
2 45
3 99
4 9
8 55
3 21
3 12
4 71
5 18
9 3
4 36
1 76
3 47
9 8
3 61
3 10
2 69
7 95
3 48
3 10
10 28
5 27
3 14
4 81
4 56
7 51
4 21
8 68
5 41
3 17
5 67
10 57
6 72
10 33
8 81
1 95
4 5
2 4
4 47
7 31
5 99
6 98
6 0
2 46
5 43
6 36
9 57
9 2
2 69
9 49
2 82
9 21
1 10
6 8
6 33
3 90
6 0
5 11
6 9
1 25
1 7
2 13
7 30
1 17
3 53
4 16
6 59
6 1
6 48
9 24
1 46
1 3
10 36
2 68
5 29
10 31
8 44
6 21
8 91
2 19
10 70
6 23
5 37
10 57
2 18
8 82
7 24
10 96
3 39
10 41
6 68
3 57
1 84
1 78
7 34
1 94
1 45
1 0
2 84
3 2
2 67
1 98
2 85
10 53
9 87
10 38
5 33
1 31
7 41
9 84
7 86
4 58
6 52
2 53
1 40
2 67
3 35
10 14
9 60
8 100
2 20
1 12
3 94
4 42
9 16
3 53
9 50
9 57
3 31
5 50
5 75
6 94
3 55
7 9
8 52
5 17
8 18
4 95
5 69
8 100
2 32
6 35
2 9
10 36
10 72
4 81
6 10
8 48
8 26
8 4
1 75
2 49
5 59
1 99
7 33
10 55
1 16
1 91
9 29
8 66
2 2
10 1
9 6
4 11
6 9
10 52
7 69
9 11
8 6
7 45
1 39
4 32
2 72
4 78
6 68
8 97
1 20
4 71
8 32
3 60
2 30
9 79
10 83
6 66
5 26
4 91
8 79
2 40
6 61
3 35
8 66
2 17
10 78
8 2
6 98
7 39
2 7
10 46
4 59
1 10
8 59
8 10
1 15
1 1
5 84
3 88
3 97
3 29
4 38
2 17
6 51
3 56
9 52
1 65
3 25
7 10
6 38
5 92
2 59
1 84
8 33
10 68
4 62
3 79
6 27
10 31
2 28
3 57
7 80
8 48
10 53
2 27
6 91
2 100
10 31
10 74
8 85
10 7
5 7
9 59
9 66
1 94
10 67
7 66
8 75
7 30
2 7
9 39
4 69
4 63
6 59
6 46
1 39
3 52
2 18
3 15
10 77
8 54
8 9
1 93
5 36
3 7
6 88
1 97
1 68
2 33
1 77
4 53
9 41
1 100
10 65
5 92
3 92
4 11
8 31
4 27
6 76
2 47
10 94
10 46
1 76
6 11
9 39
4 30
9 20
7 74
4 45
1 70
3 64
2 45
2 86
2 35
8 60
5 52
2 88
6 30
4 52
6 26
1 80
6 15
2 32
3 95
9 90
2 5
10 20
6 84
2 54
6 0
1 65
10 46
2 73
10 42
6 67
9 26
2 13
3 55
3 62
5 81
1 12
9 6
3 20
8 5
8 99
5 29
3 26
10 32
8 18
4 83
9 78
3 65
10 8
3 28
7 87
6 36
1 91
7 73
6 24
6 43
2 66
7 5
5 58
10 64
7 42
4 4
1 89
4 29
3 40
6 33
5 9
7 30
9 43
7 57
7 42
3 53
7 27
6 36
6 100
5 74
8 6
3 53
2 14
10 60
3 60
4 94
8 69
7 33
10 91
2 84
1 89
2 13
6 69
9 25
5 51
6 19
3 20
2 17
5 9
8 23
4 20
1 80
2 61
5 43
4 41
1 3
3 63
9 57
10 96
6 83
3 13
10 60
1 35
10 65
9 57
2 51
8 58
9 31
1 62
3 94
9 77
9 62
1 82
5 74
6 0
4 32
3 64
7 25
4 47
1 97
1 43
2 29
4 89
7 39
9 84
3 19
1 8
4 68
4 9
6 99
4 25
6 20
3 84
10 50
2 86
7 49
10 20
1 91
8 91
9 60
3 100
2 96
4 39
1 85
3 11
8 55
2 70
1 47
9 17
9 8
5 56
3 94
10 10
8 66
2 94
3 52
10 71
2 70
10 32
6 35
5 90
9 38
2 66
3 18
6 67
1 46
4 77
1 90
3 52
9 81
3 78
6 86
3 8
8 22
9 51
1 19
4 73
7 53
9 41
5 73
1 69
6 15
7 46
7 33
1 69
6 74
9 92
6 13
10 96
6 91
8 60
9 43
8 51
8 89
9 69
10 19
6 27
9 28
6 45
5 81
8 71
5 56
9 6
1 97
3 79
2 43
10 25
8 48
9 52
8 27
9 89
6 50
9 67
8 84
1 4
2 37
7 7
7 53
10 69
6 76
1 93
3 99
6 64
5 4
8 37
3 21
3 93
5 95
10 92
1 76
3 10
7 0
8 75
6 66
8 4
7 62
7 91
8 94
4 37
6 42
2 15
3 59
6 30
5 13
2 34
2 43
2 29
5 20
1 57
5 42
1 41
1 85
2 78
10 9
1 30
8 88
2 91
9 13
4 0
2 7
10 11
9 10
7 28
9 83
6 37
7 49
4 18
6 86
4 8
3 97
7 1
10 63
9 59
5 44
1 72
4 48
1 36
5 24
5 55
10 72
5 24
6 10
10 73
3 79
8 32
3 11
3 8
8 63
3 34
2 32
6 96
9 23
5 76
1 58
10 44
3 84
10 66
4 96
4 11
10 16
2 13
3 86
2 55
7 62
6 56
1 87
6 56
8 87
6 56
7 33
8 52
3 24
6 80
5 52
5 80
3 31
8 52
6 82
9 97
6 82
4 37
9 10
5 95
5 64
6 43
1 13
3 72
3 4
5 89
2 60
6 12
6 47
9 27
10 5
1 76
2 26
1 4
4 90
4 0
6 34
10 22
5 19
1 86
8 74
6 98
3 21
8 42
2 82
3 87
2 36
5 60
5 77
3 62
4 4
7 14
3 3
6 19
7 54
9 100
8 32
9 18
8 94
1 84
1 42
4 62
1 32
4 10
7 95
8 28
10 10
1 0
2 79
10 17
1 3
10 22
4 14
5 1
6 87
9 100
8 90
2 95
4 31
8 22
2 23
8 83
5 52
8 19
9 95
9 30
10 93
3 95
3 78
4 96
7 93
6 72
6 31
2 23
4 73
8 25
6 22
5 51
1 79
1 24
1 67
1 20
4 98
6 9
2 57
1 50
3 46
9 27
7 78
7 5
5 6
2 13
4 4
9 29
6 48
5 69
4 46
4 59
2 75
2 19
5 33
6 95
9 35
7 30
6 36
2 39
4 25
5 47
5 42
9 92
6 61
1 71
8 86
2 90
4 86
1 37
6 53
1 29
5 90
2 4
9 30
1 55
10 14
9 27
3 15
2 90
10 32
2 87
5 7
5 40
6 21
7 33
3 0
1 0
1 88
9 16
1 77
6 24
8 94
7 28
7 40
9 83
7 67
4 55
2 50
10 21
5 64
9 72
2 80
4 19
8 76
1 85
1 49
10 67
6 91
4 68
2 18
6 90
2 36
2 77
5 48
9 75
4 37
9 38
1 40
6 47
9 32
5 74
10 90
4 67
9 32
4 66
8 7
2 100
5 14
4 47
7 39
10 77
8 2
7 59
1 48
8 9
6 66
1 31
5 40
2 59
1 69
7 85
9 56
8 39
8 9
10 79
3 61
5 83
8 23
10 5
4 73
8 8
9 94
1 11
2 55
5 39
2 64
8 61
4 82
9 13
10 29
10 39
2 77
9 40
10 6
5 56
1 40
7 43
8 14
6 12
1 34
2 68
5 98
8 53
9 23
8 44
7 22
8 24
8 78
2 64
4 56
7 46
6 92
8 93
1 3
2 31
7 71
1 10
3 59
4 11
2 98
5 96
6 9
9 13
2 45
1 11
9 50
2 51
1 76
9 61
3 71
7 47
2 7
2 56
3 23
4 1
10 37
7 89
2 53
6 74
2 63
10 82
1 6
3 1
1 85
9 63
9 13
5 29
1 29
1 40
5 55
2 86
10 49
3 7
10 34
8 79
1 19
6 62
9 23
1 51
1 5
4 70
5 98
4 34
1 95
3 38
3 1
9 16
10 31
10 84
7 54
2 79
2 47
9 66
9 23
7 11
1 49
10 90
8 73
8 18
9 92
1 88
9 3
9 97
3 13
7 65
3 5
5 79
5 64
3 73
4 47
2 0
7 80
4 1
3 79
2 57
6 78
10 46
8 58
6 41
7 91
9 76
4 17
2 56
1 36
1 30
3 14
9 49
8 36
9 67
10 99
8 8
6 99
7 34
8 7
7 82
9 18
6 29
9 67
5 68
1 32
2 98
1 12
7 6
5 96
6 36
5 44
9 60
8 22
10 28
3 73
10 83
4 25
7 86
6 16
7 33
2 41
1 19
10 11
5 85
2 74
3 80
6 24
3 97
7 22
9 62
4 49
3 52
10 53
6 28
3 8
1 41
4 54
2 53
10 92
2 87
2 67
5 52
9 18
3 20
1 43
3 11
8 21
5 90
1 78
1 60
1 22
6 82
3 87
10 13
6 49
3 22
10 25
7 6
4 95
3 27
5 62
10 23
10 62
7 61
3 94
10 90
5 54
8 40
5 12
7 87
3 74
3 33
3 56
10 52
4 60
4 37
5 65
9 76
2 11
8 4
3 79
1 63
8 70
2 16
3 23
3 96
1 49
4 78
4 30
3 56
9 94
6 74
9 0
8 76
3 65
8 49
4 98
7 77
9 15
8 8
5 55
7 58
10 32
4 88
4 67
10 64
7 61
2 36
4 21
8 49
6 98
1 3
10 61
2 90
1 65
3 71
6 14
2 21
9 32
9 39
6 55
9 48
4 81
6 56
8 95
10 16
6 77
2 45
2 28
3 64
2 28
10 47
6 80
5 69
3 96
7 56
6 8
5 41
10 30
5 52
2 58
9 89
4 9
7 6
5 14
2 90
9 23
2 19
1 92
4 13
6 34
4 74
3 69
6 18
7 94
1 94
5 29
10 2
5 53
4 92
1 31
6 84
7 80
7 50
6 36
7 5
5 26
6 52
10 0
3 88
4 78
3 90
2 35
9 9
5 67
8 72
1 37
8 62
3 18
5 1
4 80
2 35
5 63
8 74
1 49
3 95
5 0
5 83
10 75
4 20
8 54
7 54
2 92
9 98
10 67
3 60
4 54
10 78
1 65
5 64
8 96
2 36
5 27
6 16
5 77
3 34
9 77
5 41
3 16
6 52
3 98
2 39
6 59
1 94
9 43
4 64
1 69
7 14
3 24
2 90
1 43
4 38
10 75
8 92
1 46
8 84
1 22
2 89
3 35
1 48
1 70
5 61
2 49
1 70
9 36
2 29
3 31
7 49
2 47
10 53
1 56
7 41
10 75
10 63
2 61
1 70
8 68
7 58
1 28
9 57
1 18
10 33
7 76
3 36
10 10
1 6
3 10
1 75
6 45
8 37
7 3
8 88
4 71
7 83
8 84
4 89
10 8
9 0
3 47
8 93
8 9
2 45
1 51
6 16
2 33
10 76
9 10
1 23
5 40
4 68
8 99
4 14
4 84
9 77
3 22
7 98
10 16
6 51
9 87
4 84
3 95
9 63
1 77
10 4
1 81
2 93
5 54
8 65
5 31
8 44
8 75
8 63
6 2
9 56
7 57
5 13
7 27
3 79
2 3
2 98
3 18
7 73
2 55
10 92
3 49
2 85
2 4
6 29
9 3
4 42
4 21
10 66
1 34
7 95
7 18
4 14
10 21
5 27
8 69
5 53
1 62
5 58
10 39
1 96
4 96
1 7
3 77
10 34
5 19
2 40
8 42
2 88
8 40
6 63
1 95
2 84
9 97
2 59
8 44
5 19
6 37
1 85
1 2
1 52
8 57
5 78
10 88
7 76
9 65
10 23
5 32
6 9
10 32
7 39
4 65
10 80
2 40
6 49
10 82
5 83
10 81
2 65
7 32
8 19
4 34
7 100
5 31
2 95
4 85
9 11
8 82
6 97
4 90
6 64
7 24
1 93
3 44
5 41
2 66
8 100
8 47
2 76
3 76
6 15
9 94
6 45
7 96
10 58
6 25
4 3
6 78
2 15
3 0
1 82
4 26
5 72
2 28
7 12
7 33
9 88
3 66
2 87
10 76
5 99
1 84
10 68
7 73
2 84
4 33
5 43
1 69
9 2
1 91
7 22
10 46
6 65
6 58
7 80
7 15
2 30
5 39
9 74
6 5
10 35
6 60
10 91
10 50
3 66
8 68
8 3
6 91
10 41
9 16
9 44
1 80
6 58
7 57
2 36
4 85
7 18
9 39
4 21
6 40
2 35
7 2
9 59
7 76
9 71
3 67
9 44
3 38
8 9
4 1
2 9
8 25
4 46
8 0
6 60
1 96
6 21
5 51
1 94
8 90
2 65
2 92
10 57
3 14
6 4
1 87
6 20
7 100
7 77
2 51
4 19
10 69
3 46
3 66
6 34
8 16
10 0
6 5
10 34
7 66
10 54
2 99
7 76
4 7
4 27
3 99
10 46
5 40
6 67
2 56
6 22
10 75
9 63
4 91
5 24
10 82
5 67
9 59
7 93
3 14
8 60
4 6
4 80
5 44
8 53
4 23
2 99
7 63
9 54
1 63
5 56
4 42
3 33
5 63
10 13
6 71
7 71
2 54
1 6
7 13
4 99
2 18
7 30
4 6
6 99
6 33
2 24
10 68
9 55
6 13
9 98
6 94
8 98
7 84
5 40
7 38
10 18
6 24
7 14
9 24
5 62
8 35
10 25
10 59
10 80
10 13
6 17
8 82
7 30
7 17
8 97
5 83
10 30
8 12
5 61
7 46
10 76
2 49
1 56
1 25
9 80
5 70
5 72
1 68
1 33
2 60
6 19
3 52
2 31
2 81
1 46
10 80
8 6
4 27
5 99
2 55
4 82
5 3
6 66
5 58
3 24
10 29
8 57
10 73
10 13
6 95
7 90
9 65
10 91
10 93
6 97
1 26
10 34
3 53
3 54
7 100
6 23
9 44
5 53
6 16
3 52
6 24
4 87
5 69
3 96
4 92
3 42
5 9
3 11
7 4
1 50
8 97
4 85
6 73
3 40
8 78
3 42
3 47
7 41
6 41
1 78
9 100
6 69
2 96
10 94
1 52
4 81
1 81
6 48
4 77
1 45
3 22
2 80
9 16
2 15
9 69
1 71
5 72
8 71
2 70
5 89
10 62
1 72
3 70
2 58
1 66
2 5
10 62
1 34
7 49
3 40
7 78
8 43
10 34
9 10
9 94
8 7
1 84
7 69
1 95
2 87
7 74
8 76
6 32
10 32
10 42
10 80
2 18
2 51
3 5
5 34
1 62
2 69
6 16
3 97
5 50
2 51
1 100
7 29
7 41
7 55
6 97
1 66
6 28
4 27
5 45
1 51
9 89
4 20
4 96
1 12
7 83
3 53
9 53
1 100
4 57
10 54
10 83
3 58
1 100
2 2
6 75
6 11
1 34
4 19
7 62
8 92
10 95
10 80
2 87
10 91
9 84
3 96
8 27
4 46
1 35
9 75
9 21
1 66
4 21
5 70
2 42
2 50
9 45
8 4
4 37
1 1
8 30
9 16
5 86
7 82
6 62
3 62
7 10
2 86
8 23
1 96
7 40
1 84
3 73
6 58
10 17
5 1
2 79
10 89
2 14
5 25
1 23
10 86
8 64
3 66
1 99
8 49
5 54
10 14
7 32
7 91
8 16
10 38
3 0
8 92
3 77
9 31
5 87
2 39
7 34
7 41
4 16
10 71
2 19
7 12
5 61
8 15
8 77
3 94
9 63
9 39
3 80
5 37
8 68
2 88
6 57
5 31
6 2
4 11
4 44
8 58
1 20
9 95
3 31
6 11
1 74
1 51
2 28
7 38
2 61
2 10
9 25
9 35
9 74
5 45
7 89
9 65
6 9
3 78
9 40
6 4
10 46
5 81
4 100
7 17
2 29
3 97
3 72
1 96
10 35
2 69
6 38
5 73
9 82
6 15
9 42
9 89
1 92
5 96
8 25
3 56
7 26
10 83
2 32
7 65
5 71
9 50
2 9
2 22
5 2
9 2
10 11
2 94
8 14
3 88
1 28
1 23
8 78
9 15
4 21
7 72
6 14
9 75
9 33
10 12
9 96
9 24
9 20
10 87
1 38
7 51
3 64
1 55
1 85
6 84
4 42
7 67
4 82
6 63
1 11
9 70
9 90
7 13
8 100
7 46
8 27
8 99
4 87
2 24
3 30
2 47
8 30
9 25
4 50
8 27
9 19
8 11
10 67
10 4
9 34
4 77
1 99
3 30
3 31
6 38
5 93
2 17
9 36
10 99
3 32
7 80
6 19
3 67
1 71
5 75
8 75
10 24
1 81
9 95
8 58
10 4
4 2
10 73
10 1
1 14
9 25
2 70
5 20
10 13
6 36
3 25
5 98
3 32
4 93
10 32
8 80
8 51
8 79
7 74
1 56
6 9
5 46
10 67
8 97
1 65
1 24
5 64
7 6
1 25
10 91
10 69
2 79
9 20
1 36
8 43
6 100
6 57
2 57
6 63
5 45
3 96
4 56
2 22
10 74
9 50
8 64
4 56
5 89
5 79
3 13
1 38
5 62
9 47
6 77
7 71
6 44
8 75
4 98
9 65
6 65
7 75
1 36
1 59
2 20
9 58
7 0
5 71
9 78
1 93
5 59
2 40
4 5
1 43
10 49
7 100
10 68
7 75
10 20
1 45
6 11
6 92
7 75
1 23
1 78
10 45
3 81
4 46
2 29
2 79
1 6
1 3
2 59
4 35
8 46
5 4
6 90
7 31
3 90
5 5
10 45
10 76
8 56
2 88
8 12
5 7
8 35
8 38
4 52
4 93
4 100
2 97
3 87
5 89
6 95
2 21
1 83
10 34
4 24
2 4
3 62
6 35
10 52
4 39
10 90
5 48
3 6
4 75
10 73
1 78
6 67
8 20
1 11
6 78
8 37
6 10
1 66
5 35
8 93
7 69
5 24
1 36
8 80
6 28
7 31
10 50
4 4
3 23
10 80
8 55
8 42
2 47
5 65
5 61
4 43
5 15
9 73
7 19
1 48
1 86
1 11
4 91
3 90
6 41
5 40
3 39
6 68
2 16
2 76
5 44
9 90
5 98
5 25
7 43
5 99
4 26
10 66
7 10
1 6
2 30
4 52
7 96
3 22
5 24
6 48
1 72
6 70
8 44
5 91
1 44
7 96
6 67
3 21
8 70
9 22
8 21
3 20
9 75
1 44
6 21
3 17
3 21
1 0
3 96
2 35
6 48
8 74
8 68
3 77
9 62
6 3
7 66
4 87
6 79
4 72
5 0
6 51
2 20
9 4
9 68
9 43
6 66
3 18
6 97
6 42
10 35
7 63
6 54
6 13
4 47
9 26
4 83
1 79
1 27
3 39
1 47
3 95
1 64
6 81
4 74
7 47
4 84
2 27
7 42
4 4
6 60
6 73
9 64
4 8
10 66
2 87
1 60
1 55
2 36
7 61
4 79
9 98
9 2
1 42
7 42
1 60
8 19
4 10
5 7
3 66
5 22
8 93
1 24
10 97
8 44
1 60
10 43
2 55
3 51
3 2
4 70
7 84
10 66
5 64
7 65
5 54
1 42
3 12
2 26
2 47
5 15
3 61
9 75
5 93
2 94
5 96
3 23
5 61
4 94
7 65
1 91
1 89
10 38
4 78
7 31
3 61
8 38
9 92
8 26
1 3
5 66
9 89
1 59
1 86
8 65
2 23
9 59
4 17
7 60
7 8
6 89
1 76
6 19
3 8
3 61
2 19
10 32
8 76
4 2
4 49
1 30
4 56
7 7
1 2
5 8
5 96
2 50
4 12
1 0
4 37
9 13
3 78
4 81
2 84
1 72
6 97
9 19
1 59
2 25
4 23
3 28
10 99
2 27
2 17
4 30
2 72
1 27
3 63
8 15
3 17
7 56
5 58
5 38
5 4
10 10
7 36
2 19
9 33
9 6
4 6
9 69
2 5
10 99
5 87
6 22
2 97
1 37
9 33
3 51
2 13
5 74
8 42
4 27
4 93
3 10
4 25
6 34
10 87
5 62
6 11
8 62
5 36
3 76
6 16
6 76
4 73
5 100
8 23
3 13
3 62
6 21
7 6
3 2
10 29
9 11
10 84
6 21
7 61
10 36
6 30
10 17
7 8
4 83
9 63
8 24
10 53
3 25
2 52
4 89
5 18
4 41
8 94
8 58
9 48
10 32
3 5
1 45
5 73
8 4
4 89
2 65
2 80
6 20
8 87
1 70
2 17
10 32
7 71
5 23
4 100
6 99
7 98
10 37
10 23
1 91
9 16
6 40
7 90
7 11
8 26
5 71
5 28
8 77
3 66
8 12
8 14
7 93
2 44
2 55
4 54
4 100
9 22
3 11
7 49
8 85
6 60
4 16
4 43
2 73
10 66
5 100
2 37
9 80
4 8
1 46
8 28
7 80
7 63
8 8
4 34
1 100
1 30
8 80
6 26
9 52
8 55
2 84
2 43
4 12
2 29
6 48
2 45
8 15
4 90
2 32
6 1
4 7
8 10
2 71
2 58
3 99
6 34
4 4
8 46
7 43
10 81
4 14
5 49
8 62
1 16
10 29
8 39
7 76
9 82
9 89
7 68
3 11
4 17
8 78
9 76
5 92
3 96
5 30
9 77
6 91
5 98
3 41
6 88
6 3
6 0
1 68
5 81
3 27
3 6
10 25
4 63
4 93
8 3
4 40
4 56
4 82
5 95
2 31
9 72
9 48
4 14
3 79
2 78
8 65
1 4
1 30
4 31
5 55
6 1
8 18
8 32
3 11
9 47
3 16
3 69
10 10
9 74
7 30
8 33
6 84
8 90
1 58
1 85
3 83
7 46
7 98
3 26
2 25
8 61
10 74
8 39
8 100
9 92
10 48
2 45
10 83
8 43
10 55
6 4
4 48
7 23
3 34
4 7
7 7
5 70
6 67
10 92
10 30
8 18
10 3
3 83
7 79
6 41
4 18
7 54
8 65
2 13
2 54
2 41
9 54
3 82
2 76
2 82
3 53
5 11
4 96
8 59
2 99
10 95
5 31
3 90
7 80
5 37
5 69
7 26
7 30
8 84
3 31
9 22
2 71
5 43
5 69
4 30
8 44
10 6
3 80
5 69
8 3
2 22
4 12
6 65
6 70
10 26
6 37
10 100
9 25
3 77
1 72
3 17
3 17
7 56
9 45
3 93
9 19
5 98
2 76
7 28
5 28
8 58
7 52
8 41
1 2
6 91
9 41
3 5
1 78
6 32
7 15
3 55
8 27
3 64
8 84
3 21
5 55
5 6
5 24
3 31
4 66
2 24
2 60
8 61
8 86
1 13
4 90
10 60
9 21
2 60
7 87
1 1
6 78
2 75
8 14
9 40
5 72
4 94
3 85
8 85
3 93
7 17
4 29
2 48
4 60
2 86
4 43
6 26
1 73
7 19
7 97
1 34
1 64
4 59
4 17
8 2
1 51
10 98
8 32
7 0
9 18
9 50
10 16
9 67
8 2
4 38
4 45
5 47
10 22
10 99
2 95
9 62
6 75
2 56
9 83
4 38
8 91
4 89
6 67
7 65
9 3
6 3
2 27
8 2
9 13
10 91
4 61
5 31
8 76
4 54
10 96
8 45
1 64
3 98
4 33
10 55
4 34
10 72
5 97
7 28
1 29
6 37
8 8
5 74
5 36
10 98
4 74
10 84
8 36
6 54
9 3
9 95
4 42
7 3
8 7
3 35
5 72
6 79
9 14
1 62
7 76
4 18
10 40
5 33
4 49
3 89
4 40
6 17
4 76
3 24
8 83
6 9
4 0
1 84
6 76
9 84
5 52
8 3
9 99
10 72
7 36
1 87
2 29
9 87
6 65
3 91
3 76
4 80
9 30
9 12
4 34
5 49
7 61
8 68
6 93
8 11
1 23
4 25
5 8
8 4
1 45
5 6
1 25
5 19
4 68
5 27
9 67
2 73
6 71
10 41
8 66
3 61
9 89
4 23
10 22
1 96
2 65
2 22
8 13
5 15
10 8
10 64
4 9
10 80
1 64
5 10
2 70
2 92
1 26
7 43
3 19
8 3
3 31
8 85
1 55
10 12
1 95
1 43
1 33
5 45
4 12
1 65
2 15
3 27
7 71
8 98
8 45
9 46
5 18
4 51
8 34
9 0
8 61
8 9
9 11
9 5
1 73
8 54
3 42
10 26
8 51
7 51
2 67
5 82
4 31
7 74
3 49
5 18
5 16
1 67
10 13
3 80
6 48
8 95
5 8
3 59
1 93
8 62
6 76
2 94
9 55
4 4
1 63
9 63
8 29
10 54
7 56
1 53
1 15
6 64
3 85
4 78
6 10
7 63
3 40
6 34
6 4
4 28
10 42
8 2
3 69
8 22
4 26
4 99
7 92
2 50
1 88
8 42
8 64
9 61
5 99
6 79
6 59
8 29
2 17
2 32
8 10
7 3
10 25
9 65
7 23
2 80
10 68
2 10
8 92
5 75
3 87
9 94
3 35
4 99
10 51
6 40
6 35
8 62
10 73
4 78
7 49
4 90
4 22
2 48
2 72
9 12
1 43
5 29
1 0
8 54
9 36
9 96
2 78
10 1
8 6
9 10
2 61
10 41
5 87
6 92
3 56
8 29
1 0
10 19
1 56
1 46
9 40
2 63
5 64
6 22
4 31
2 3
5 40
7 45
8 34
1 62
4 85
7 44
6 57
3 19
8 14
2 3
2 91
8 14
5 42
5 77
3 36
7 73
7 85
8 85
5 21
10 35
10 45
8 26
7 88
4 65
7 12
3 69
7 99
5 66
7 13
7 35
1 96
9 62
6 44
9 22
6 71
3 45
7 24
3 38
9 47
5 82
4 60
8 58
8 98
2 47
8 15
1 6
10 99
2 24
6 94
5 89
3 46
8 79
2 99
10 25
5 79
8 56
2 7
8 26
3 5
1 14
7 55
9 47
9 63
1 7
3 52
9 75
10 4
4 25
8 0
7 44
8 43
4 0
9 33
3 57
5 89
1 16
5 6
8 85
7 17
8 85
10 61
1 9
3 31
9 18
6 23
1 83
10 73
1 92
1 2
3 4
9 60
8 57
2 28
7 56
7 39
10 66
2 91
10 32
1 7
5 59
8 78
8 3
2 75
5 23
4 55
5 57
9 33
3 26
1 98
9 29
2 65
8 54
9 8
3 47
9 0
7 80
5 71
5 100
2 63
3 65
4 57
3 86
7 70
8 55
3 68
4 47
5 63
8 66
7 40
5 65
9 15
8 96
9 1
8 73
5 7
8 55
3 92
2 74
10 5
2 41
9 62
10 6
9 54
6 68
6 1
7 27
6 46
10 97
8 72
5 13
5 100
6 82
7 86
4 28
7 25
7 34
6 44
3 75
4 82
9 3
3 68
6 94
6 12
4 23
2 21
3 1
10 91
2 27
10 31
5 96
3 94
4 66
9 71
9 6
9 28
10 40
3 80
4 56
10 15
2 23
5 35
5 10
1 90
9 70
7 70
2 44
5 84
4 53
6 47
5 36
6 89
4 59
10 96
3 74
3 49
5 40
10 76
2 55
8 32
5 68
4 69
6 43
4 44
3 92
8 51
7 89
1 97
4 32
2 31
10 2
1 0
4 97
10 97
7 4
4 31
10 98
5 56
6 6
8 32
2 39
5 22
2 98
5 51
8 34
4 6
7 85
8 87
10 8
10 89
4 76
9 59
2 30
10 76
4 13
6 75
7 66
1 33
7 52
3 58
9 24
9 43
10 66
4 35
8 64
4 94
3 95
8 90
7 90
6 35
3 74
8 53
8 45
7 82
2 87
2 96
9 30
6 18
10 77
4 20
4 55
1 42
4 84
10 14
1 14
10 21
4 1
3 4
7 37
5 95
6 93
8 96
2 70
1 23
6 66
6 39
7 73
2 82
10 55
6 50
7 3
9 66
6 59
9 81
9 44
10 29
3 27
9 34
10 77
10 44
9 1
3 91
1 47
9 55
3 50
9 71
7 36
9 60
5 42
1 16
6 79
7 94
1 12
7 70
10 37
6 48
8 46
3 78
8 58
10 19
1 83
10 58
8 1
4 23
4 77
7 23
6 61
1 21
1 84
5 90
3 71
1 9
4 37
2 36
9 39
7 44
6 14
7 76
5 100
1 97
2 47
4 70
7 89
7 77
7 67
2 52
1 17
4 42
6 2
8 84
5 0
6 74
6 69
8 70
4 62
4 94
8 94
4 6
2 68
5 18
7 85
5 2
7 42
1 59
2 32
7 60
7 14
9 94
4 45
10 83
3 97
1 66
6 88
10 14
1 82
4 97
9 1
3 9
9 98
3 19
8 45
3 100
1 21
6 80
5 47
6 85
3 81
8 19
7 25
5 15
10 86
10 13
3 54
10 3
1 71
2 9
6 2
3 45
9 53
3 3
8 72
9 64
3 6
6 55
2 11
1 76
6 29
7 42
1 95
10 76
8 23
2 50
10 13
1 70
1 28
1 4
10 72
10 48
2 92
10 53
1 100
1 41
4 88
9 2
10 33
7 39
9 46
7 38
4 33
2 55
5 5
9 15
10 61
10 1
1 73
3 12
2 86
10 91
6 27
9 88
6 66
5 90
8 17
2 62
9 48
9 15
6 31
7 92
3 60
7 83
6 10
1 2
10 58
1 94
1 6
1 40
7 90
4 59
10 100
6 41
1 78
2 37
7 24
6 49
9 54
2 23
3 15
9 13
10 98
2 87
7 25
7 47
5 89
7 67
6 5
1 79
1 48
5 79
10 4
1 86
9 98
9 29
2 96
2 81
6 81
9 80
4 1
5 22
9 23
9 39
6 95
9 72
3 40
7 55
9 0
2 84
7 17
7 81
6 86
3 64
3 53
3 41
6 93
10 33
6 3
2 79
10 65
2 64
4 43
3 8
9 70
4 67
3 31
1 88
5 17
8 32
7 37
10 52
7 32
1 22
2 6
1 93
6 73
4 81
3 55
1 1
8 40
7 40
3 20
8 37
9 85
1 23
8 12
9 29
6 60
3 27
6 85
6 53
6 42
3 15
3 20
2 61
7 26
6 13
8 93
1 91
8 65
10 75
6 35
7 57
6 22
4 44
6 91
9 18
4 16
2 35
3 23
1 58
5 51
10 43
10 23
9 27
2 90
7 47
4 39
2 42
9 21
5 56
9 48
8 49
1 2
8 21
10 2
2 27
10 83
6 27
8 82
10 22
7 30
4 64
7 94
3 91
4 86
7 50
6 18
2 43
8 53
8 45
4 41
7 39
10 57
8 2
5 9
2 86
2 72
3 17
5 14
8 39
2 12
7 88
10 75
2 40
9 9
8 43
9 22
5 81
2 49
9 42
1 97
8 19
10 85
8 55
10 99
3 51
3 7
3 33
3 67
6 2
1 44
9 35
10 42
8 47
6 2
2 56
6 83
8 6
6 18
10 21
10 48
10 69
9 47
10 9
4 19
5 86
5 61
2 96
1 9
4 98
1 70
4 39
7 45
8 74
10 22
10 22
1 35
1 36
3 82
9 66
8 32
5 83
2 27
8 90
7 52
6 87
8 11
6 1
9 95
9 93
8 18
2 51
9 84
2 39
3 37
5 92
4 58
2 99
2 74
10 94
4 86
1 62
9 45
2 57
8 55
2 28
6 87
10 77
3 17
10 98
10 20
5 20
3 90
4 43
4 54
5 6
2 7
2 17
9 84
8 75
7 9
8 58
2 89
9 75
1 26
10 92
9 63
2 95
4 61
1 69
5 77
10 9
8 75
7 98
4 13
10 45
3 97
10 41
9 35
3 57
1 99
9 37
10 34
6 6
3 16
4 30
5 57
6 87
9 98
5 81
2 43
2 31
9 17
3 13
8 74
4 68
8 72
5 54
4 37
8 77
10 20
1 22
2 39
5 0
2 42
2 85
6 95
4 98
9 31
6 67
8 72
6 45
3 81
7 54
1 18
4 23
4 56
4 47
10 62
10 77
10 14
7 61
4 69
9 81
5 4
9 25
3 5
2 54
2 14
3 10
10 98
10 99
7 45
4 9
10 81
10 34
8 85
5 47
4 41
7 9
9 55
4 70
2 59
7 89
5 62
7 75
7 67
3 28
2 13
6 60
8 43
1 26
3 37
3 53
6 65
2 15
5 4
10 17
4 72
10 100
4 6
5 12
1 44
6 37
5 27
4 82
8 58
6 7
4 36
10 95
2 16
6 77
8 97
7 47
7 56
9 51
9 77
1 13
3 24
6 15
3 1
1 10
6 48
8 5
3 86
3 18
4 1
5 32
2 6
2 50
7 58
3 53
7 56
7 10
3 66
3 78
4 16
4 62
1 93
4 31
6 90
2 70
4 11
1 23
2 31
4 28
10 91
8 27
8 96
9 95
2 84
3 29
6 70
2 28
2 4
1 5
3 17
1 48
9 1
5 23
3 53
1 3
8 18
9 85
3 86
9 47
1 73
5 84
1 64
1 5
3 18
4 79
5 40
5 81
7 67
1 39
3 94
3 17
4 81
7 57
2 53
3 68
7 10
7 58
6 10
2 95
7 91
3 35
3 16
9 96
8 13
7 20
2 53
1 96
8 75
10 78
6 38
9 67
2 92
5 39
9 36
6 55
3 31
8 32
7 49
3 97
6 94
6 21
6 82
7 50
3 97
5 40
9 33
1 84
6 97
9 85
8 15
3 30
10 2
8 22
3 91
5 51
3 77
6 69
5 31
4 23
5 100
1 98
7 32
6 62
7 36
7 34
2 30
1 71
8 52
7 39
9 18
7 4
8 12
4 52
3 52
5 76
3 81
7 3
7 55
1 39
3 64
6 27
8 8
3 46
5 76
2 99
1 21
3 82
8 58
3 39
8 95
9 0
9 90
8 77
5 75
8 58
8 13
10 61
1 76
5 85
9 29
9 34
2 39
2 24
10 41
2 43
1 22
3 14
9 68
8 63
7 97
5 43
6 20
6 91
4 80
7 76
5 51
3 14
2 86
6 41
7 63
9 0
10 30
7 95
8 37
3 60
7 98
9 65
2 44
5 5
9 49
5 31
7 33
6 87
1 44
3 0
10 58
6 29
3 21
3 64
3 12
7 16
8 72
6 30
1 1
7 72
8 41
1 92
10 6
8 1
10 50
3 9
7 2
9 82
10 19
3 4
7 11
1 55
2 42
9 29
7 25
1 23
10 33
5 16
7 72
9 95
6 78
2 65
10 22
7 34
6 61
1 55
10 37
5 91
5 33
10 63
7 71
3 22
7 42
3 51
8 77
6 94
4 13
1 92
7 70
7 43
5 92
1 53
3 25
7 17
6 29
10 77
2 6
9 85
7 82
2 88
8 29
3 74
8 58
8 88
2 5
10 72
4 67
5 8
5 62
8 100
9 33
3 64
1 71
2 41
4 15
8 21
7 5
3 24
9 60
1 38
9 45
5 7
2 25
3 63
7 87
9 58
6 91
5 34
1 7
4 10
9 10
4 5
5 64
2 9
9 15
1 59
2 79
3 46
4 43
10 17
9 9
7 31
4 79
10 2
2 12
3 38
9 96
5 12
6 19
10 10
4 92
7 50
10 22
1 0
6 25
3 74
5 26
2 60
10 18
8 39
3 81
6 77
4 17
5 40
1 35
8 2
7 14
6 8
3 2
1 15
10 18
10 63
5 21
1 60
2 32
5 47
7 60
6 47
10 97
2 76
9 71
6 37
8 36
3 74
5 76
1 31
4 32
1 64
2 73
3 63
1 61
10 60
1 84
8 13
3 67
2 66
2 1
6 80
9 90
5 14
10 21
8 53
6 59
6 3
5 81
1 96
4 36
6 33
4 20
5 16
3 79
8 70
4 57
4 29
9 87
4 83
8 31
4 19
9 69
9 12
1 61
6 23
7 29
10 92
10 50
6 54
3 99
7 19
1 92
5 0
9 66
10 32
8 75
6 80
2 72
8 45
3 14
3 66
8 98
4 38
5 53
8 81
3 51
4 54
9 97
6 13
4 43
1 2
8 93
5 44
10 24
3 37
10 90
6 95
3 44
9 50
1 12
6 50
1 12
8 5
3 29
9 44
6 46
5 51
4 62
6 47
7 92
9 76
6 20
7 19
1 94
2 76
3 7
7 62
1 43
1 43
8 60
5 1
8 52
2 5
6 53
10 75
5 65
2 91
1 78
3 6
9 49
4 86
2 42
6 70
10 23
6 23
2 17
2 70
7 76
4 45
7 24
10 50
5 32
3 37
3 61
9 98
10 41
3 94
8 72
1 53
8 4
9 50
7 43
10 99
8 97
2 57
8 99
10 36
2 94
4 87
3 47
5 2
4 25
10 65
5 16
5 54
7 41
10 39
4 96
2 61
10 76
7 0
5 9
5 91
8 53
8 55
2 64
5 43
8 8
3 44
8 20
3 51
1 31
5 36
8 13
2 99
9 67
8 74
1 50
4 30
2 68
9 2
3 80
6 5
2 7
4 19
4 48
4 3
2 90
6 89
6 83
2 57
9 13
10 33
5 60
6 88
2 99
5 75
2 74
4 51
2 82
2 64
4 1
4 84
5 83
4 97
5 10
10 42
8 34
6 6
10 46
10 48
1 20
1 41
6 6
2 63
7 53
9 51
7 93
1 81
1 74
9 59
6 22
1 96
9 44
1 91
1 40
7 42
4 41
10 5
4 62
6 85
7 37
7 4
5 97
5 17
5 38
6 27
4 100
1 11
1 39
9 74
7 24
10 54
8 3
6 30
9 19
4 2
2 62
10 31
4 2
1 97
5 49
3 50
3 41
9 43
2 71
5 97
2 14
1 70
10 49
8 76
1 80
3 36
7 43
9 88
10 15
9 40
3 84
2 36
10 76
7 81
6 86
7 1
6 43
9 89
1 52
3 23
5 71
5 63
10 20
7 34
5 80
7 67
5 62
6 9
6 92
1 0
3 50
5 93
10 72
10 28
3 47
6 77
5 61
6 34
1 87
10 47
6 59
4 56
1 6
4 97
2 99
6 57
1 24
1 72
6 5
3 13
4 91
10 43
8 61
5 65
4 14
10 67
6 42
2 84
8 66
10 48
6 39
4 72
2 97
3 57
10 35
10 21
7 30
6 58
9 45
1 81
9 86
9 34
9 15
2 18
8 32
4 52
8 6
3 7
8 25
10 72
2 63
4 27
4 56
4 20
5 22
6 32
2 53
3 89
9 29
9 83
9 28
4 14
3 67
10 54
3 39
10 69
6 91
7 36
1 45
9 46
9 86
4 36
9 9
2 57
7 54
10 23
6 41
2 15
5 96
9 50
4 2
1 25
4 50
8 79
4 14
8 74
9 77
3 42
6 10
2 66
9 18
4 58
9 24
4 47
4 36
6 69
10 48
7 4
4 42
5 28
9 47
9 42
4 71
6 25
6 15
1 82
6 91
8 97
8 38
3 9
4 9
7 42
10 58
7 21
1 20
3 22
7 12
2 37
2 26
7 16
1 87
7 2
8 23
9 84
9 44
4 45
1 14
6 43
3 76
10 46
8 76
9 30
9 92
2 68
1 81
9 12
6 97
6 32
3 82
10 35
5 5
6 0
5 69
3 33
6 89
8 67
2 10
8 4
10 65
7 54
2 91
2 42
2 57
3 82
10 33
9 46
10 42
10 42
4 96
4 65
4 96
6 79
9 45
3 30
3 61
3 67
5 43
9 55
5 38
2 34
3 85
3 93
10 78
1 9
10 62
2 53
7 36
8 50
4 26
2 37
3 8
4 77
9 9
10 97
1 89
10 56
10 69
7 38
7 86
7 75
8 40
9 0
2 3
3 11
5 95
2 22
3 86
4 67
7 80
2 0
5 70
7 20
6 33
6 24
9 9
7 46
10 23
1 97
10 17
1 15
5 56
10 28
7 46
1 3
3 51
3 89
4 49
8 58
3 47
4 36
4 31
4 86
2 55
4 9
6 72
9 97
3 97
7 18
3 33
9 82
9 9
1 89
2 84
2 56
6 29
1 15
8 3
1 86
8 52
6 81
2 79
3 50
8 100
5 28
6 75
9 20
5 97
1 19
3 85
8 77
8 100
6 55
9 52
7 34
4 32
8 17
4 83
10 81
2 58
3 36
4 46
1 38
8 79
1 17
10 13
4 73
10 87
4 46
1 53
1 98
8 71
1 37
6 61
7 25
4 74
10 29
4 38
10 14
5 85
4 91
6 18
7 7
9 45
4 52
1 44
2 63
2 52
4 81
3 76
2 83
5 28
1 20
6 65
1 86
6 94
10 8
1 59
5 5
7 81
9 16
8 6
5 61
10 49
8 74
5 89
4 72
5 58
3 84
8 65
9 87
10 0
9 71
1 5
2 81
4 72
8 65
1 18
9 77
10 19
8 47
6 69
2 96
5 27
4 87
5 18
10 92
9 76
3 10
7 15
2 71
10 57
6 57
1 50
4 14
9 56
8 84
1 21
2 61
3 2
9 82
9 40
6 22
8 68
1 17
10 85
3 40
8 68
10 0
2 49
2 8
4 45
3 68
2 3
7 2
1 69
8 10
9 14
5 2
1 43
3 14
6 23
1 5
9 4
5 89
6 14
2 78
10 91
5 42
8 72
10 66
4 96
5 80
4 0
9 53
5 22
6 83
7 89
2 73
6 32
2 8
2 29
8 72
2 87
5 14
8 81
2 63
10 75
3 86
9 49
3 62
3 1
2 50
5 59
1 27
1 6
1 3
2 55
2 49
9 89
6 87
4 89
3 85
1 78
1 97
3 72
5 84
4 95
9 99
6 63
1 70
1 2
4 77
1 11
8 69
2 27
10 21
3 47
3 32
2 36
3 68
5 30
4 37
8 82
5 27
3 38
4 41
1 40
2 9
2 55
2 75
1 11
1 9
9 73
4 88
3 51
7 10
2 32
1 68
7 92
8 82
5 83
6 7
6 100
8 15
2 43
4 87
9 64
7 7
10 80
1 62
7 60
6 54
5 45
3 21
7 98
6 56
7 100
8 18
4 0
1 65
6 14
8 36
4 75
8 6
3 49
4 46
10 93
4 67
3 61
7 84
10 56
7 3
9 70
2 8
8 39
2 59
1 12
1 44
6 67
9 53
2 6
4 49
1 20
6 86
1 95
6 13
5 84
1 75
8 94
4 15
9 48
10 36
9 95
7 13
5 17
8 52
10 7
8 68
6 88
4 89
10 16
2 74
7 80
1 10
1 91
8 93
5 87
2 38
4 69
3 90
2 94
6 91
7 37
2 61
2 55
5 55
5 14
4 92
8 58
4 47
9 72
8 52
6 61
8 58
2 77
7 58
4 54
4 55
3 0
4 27
6 12
6 100
1 37
9 33
6 48
7 81
4 96
1 68
3 39
8 4
1 97
4 42
4 54
5 63
5 18
6 57
9 56
6 24
5 52
5 36
8 33
9 26
2 8
7 44
2 75
6 6
10 92
5 23
8 57
9 97
5 97
10 82
7 21
2 2
1 55
9 80
8 13
9 12
3 84
9 66
4 22
8 54
4 3
1 2
8 30
1 85
6 77
6 75
8 54
3 66
10 53
10 55
4 38
4 18
9 96
2 12
7 46
9 78
2 78
2 28
4 71
8 82
6 85
1 21
9 84
9 94
4 3
6 53
1 99
1 34
2 66
10 62
9 54
1 14
5 63
6 71
1 35
9 66
9 54
4 50
8 19
6 35
9 49
8 45
7 10
10 88
1 52
3 52
10 54
9 36
3 8
7 20
4 61
3 34
5 21
2 21
10 56
10 90
2 12
7 49
1 63
5 43
4 31
10 31
4 42
8 16
5 32
6 40
5 34
7 1
2 53
4 11
3 15
8 50
1 89
8 60
8 77
4 79
9 8
10 88
10 95
5 36
3 47
4 29
9 94
3 4
6 36
7 86
5 52
8 22
8 78
5 23
10 2
8 98
8 40
9 35
5 51
3 76
9 78
8 59
2 25
6 4
10 51
2 25
10 70
3 35
9 95
5 82
8 78
8 70
6 61
3 97
8 64
9 58
7 89
1 48
6 88
6 21
4 10
10 51
9 10
4 69
10 95
2 16
6 3
9 10
3 5
3 24
10 3
8 61
3 56
4 36
2 10
9 59
10 8
9 45
9 54
7 81
6 73
9 87
2 27
10 98
9 69
5 52
5 9
5 90
4 3
3 17
2 70
4 3
6 62
8 76
4 53
9 8
8 25
6 18
8 11
4 36
4 22
5 99
1 58
10 55
3 60
5 22
1 61
1 31
6 43
8 1
4 41
8 85
4 24
9 7
2 23
2 83
2 22
9 37
4 47
1 65
10 97
9 73
10 69
7 62
6 19
9 66
3 68
1 97
7 52
4 85
7 64
1 100
9 50
3 63
3 44
2 8
7 91
9 48
7 2
2 21
2 73
2 41
1 55
3 73
9 75
6 13
7 99
8 75
4 85
5 19
2 92
9 48
9 1
10 30
2 89
9 20
8 63
10 55
2 79
4 97
8 14
5 11
3 100
5 18
6 89
9 38
10 52
3 83
6 99
2 11
3 99
7 19
9 93
3 57
10 98
5 25
4 76
10 38
6 2
2 75
9 84
7 77
7 100
9 19
3 64
6 40
7 79
9 70
1 47
4 87
6 31
3 38
10 29
2 100
2 11
4 45
4 12
2 89
7 17
8 5
5 74
7 20
7 35
9 70
1 37
10 26
5 17
7 42
7 50
6 23
3 75
7 30
3 48
9 78
3 29
8 82
5 71
10 70
1 23
7 31
10 36
7 69
7 91
8 25
9 100
10 23
2 57
3 72
3 36
1 14
10 70
2 24
6 80
8 60
3 40
9 41
10 78
2 83
5 5
4 27
2 33
7 37
3 100
1 42
8 42
7 84
7 16
4 37
7 99
3 28
1 70
2 72
5 95
3 67
8 3
3 50
5 80
9 58
9 94
3 16
7 28
4 60
2 44
7 11
9 95
6 66
3 71
2 39
10 12
1 79
4 55
3 71
2 73
1 1
2 65
10 4
5 95
6 3
9 29
5 67
9 88
10 99
3 1
7 25
7 52
4 85
5 8
3 66
10 38
6 30
3 94
10 71
3 8
1 49
6 24
9 74
9 63
6 36
3 15
3 49
7 27
1 20
7 61
8 29
7 20
2 12
7 98
9 73
3 19
3 83
8 90
3 59
10 64
4 48
2 67
2 14
1 17
7 68
2 25
3 82
10 38
2 90
9 35
1 53
6 91
10 96
3 26
10 24
7 7
4 56
6 13
4 63
10 44
1 61
1 61
3 43
7 10
6 0
8 43
8 34
2 91
4 56
5 55
2 11
2 89
4 38
2 30
10 85
9 6
10 74
4 8
5 13
2 53
2 65
4 97
3 55
5 42
5 75
10 45
3 46
7 26
8 32
1 40
9 29
6 65
8 29
2 8
2 23
9 6
10 57
9 80
1 38
1 92
5 29
4 41
5 56
6 73
7 74
9 78
9 77
8 35
3 62
3 35
4 42
8 99
9 58
6 98
7 38
7 63
5 62
1 69
9 86
2 53
3 29
6 16
1 21
6 18
7 75
6 1
7 48
6 22
5 27
2 80
2 7
3 81
3 99
3 70
9 95
10 13
3 73
7 36
1 99
6 40
5 65
2 33
4 18
1 40
5 15
5 57
8 2
2 54
4 74
4 21
9 68
8 74
9 51
3 84
8 38
10 93
2 81
7 21
3 57
4 64
3 16
9 31
3 25
7 68
5 16
10 7
7 4
2 75
4 63
3 17
1 76
9 57
6 100
4 75
4 29
3 94
2 64
5 36
5 82
10 8
2 14
3 94
10 83
5 66
3 81
6 16
2 21
3 22
10 51
9 82
5 34
6 16
6 52
7 59
5 99
7 9
9 56
6 67
10 0
1 78
10 81
9 90
8 39
5 78
6 6
3 42
3 33
4 4
9 56
5 59
9 80
1 86
4 91
9 27
9 43
7 21
9 40
10 17
1 24
2 53
9 92
2 50
3 61
5 9
5 41
2 10
2 100
7 93
5 47
7 80
7 15
9 41
5 38
5 9
6 35
5 60
3 56
1 68
2 45
10 60
3 100
3 54
2 77
8 83
10 4
10 45
2 98
6 86
5 90
5 95
9 87
3 16
2 21
4 98
10 11
2 71
10 25
2 21
1 85
9 97
5 92
3 93
10 65
2 25
10 74
1 75
1 91
3 6
4 54
10 86
10 37
3 87
8 67
3 100
3 70
6 95
9 3
9 37
10 32
9 78
1 62
9 49
7 13
8 93
7 96
3 33
2 90
4 1
9 46
2 11
3 42
7 88
2 58
1 82
6 56
9 42
2 74
3 47
10 99
2 95
3 84
10 80
5 39
8 76
3 42
9 94
5 47
4 26
6 80
9 77
3 47
3 53
7 4
2 5
4 57
4 39
9 55
5 43
7 54
1 69
6 74
4 16
9 62
8 50
3 52
8 96
4 48
8 50
2 84
2 17
6 100
1 88
10 38
7 88
7 58
3 19
2 7
10 56
3 63
7 28
1 68
3 49
10 18
7 96
1 13
6 76
1 10
9 23
2 14
2 87
5 85
10 4
3 92
8 6
2 46
7 1
7 33
9 1
9 37
2 15
3 9
1 84
10 3
8 55
7 26
2 29
6 82
6 44
8 20
10 91
7 65
4 33
5 92
6 75
6 47
8 5
9 39
6 84
9 61
4 71
6 78
6 21
2 43
4 96
8 81
2 73
5 22
4 82
6 59
2 67
3 86
7 91
2 38
5 78
2 56
4 87
1 42
2 66
10 20
8 10
3 27
8 19
6 58
1 1
1 49
2 80
7 86
2 99
10 16
1 81
2 55
9 81
7 80
1 18
10 17
9 86
5 6
9 39
5 5
4 76
8 62
10 68
7 69
4 71
7 96
3 33
10 97
9 43
4 83
10 94
1 15
5 22
10 74
9 90
5 55
4 18
4 2
5 16
10 78
1 71
2 80
4 20
7 29
5 1
2 12
7 9
8 45
4 67
4 64
2 28
3 98
6 34
2 93
7 94
4 31
10 27
8 1
6 34
7 23
3 24
6 88
7 93
6 48
10 47
10 41
3 6
5 19
7 12
1 33
7 11
6 96
6 61
3 78
2 34
1 95
1 80
6 0
1 3
1 58
1 51
1 97
4 31
1 26
5 47
8 68
2 22
8 50
3 60
1 46
7 56
7 33
8 18
4 8
6 83
7 28
1 13
3 73
10 98
1 27
1 14
7 6
3 1
8 37
5 30
4 14
7 24
9 19
7 12
8 38
10 49
3 89
4 88
1 69
7 38
8 77
4 80
9 30
4 39
6 28
6 76
5 82
6 90
4 36
5 1
9 53
8 79
3 10
10 34
3 78
1 45
7 79
4 41
7 23
3 26
3 32
5 62
2 73
2 76
9 20
9 72
2 85
7 88
7 66
8 9
1 19
5 34
3 33
2 8
3 9
6 85
2 77
6 35
7 0
10 25
3 88
7 69
9 8
1 62
7 100
1 58
8 86
2 56
6 10
2 76
4 59
4 39
7 79
8 82
8 55
4 84
3 1
5 95
9 42
9 86
1 68
3 48
6 46
10 49
7 92
3 93
6 41
2 18
8 61
3 1
7 85
6 57
6 90
8 54
9 26
2 82
2 32
3 53
10 2
10 64
5 24
9 45
6 83
2 60
7 48
2 79
1 14
6 32
7 96
4 18
3 74
3 23
10 8
1 23
7 78
9 93
7 58
3 29
7 89
7 59
8 3
8 43
6 7
8 41
3 3
7 14
10 39
5 40
5 82
2 47
8 55
1 63
8 18
6 15
2 88
2 20
10 15
7 47
9 43
10 64
5 49
1 99
8 96
1 81
5 60
6 30
1 38
4 17
6 91
2 28
8 91
10 16
7 77
5 40
9 63
3 91
6 32
4 53
9 72
9 87
4 31
1 48
2 14
3 45
6 51
5 60
6 26
8 87
7 78
4 30
8 58
4 8
9 62
2 30
5 2
10 55
10 41
3 3
4 44
9 55
2 100
1 75
3 87
3 40
10 47
5 97
8 85
3 23
2 58
8 74
7 95
7 38
8 30
9 99
8 1
1 10
8 32
1 83
10 53
2 96
4 3
4 72
10 35
10 90
7 92
6 22
8 33
5 31
5 9
7 3
1 25
6 6
1 74
7 37
4 89
5 69
2 49
6 3
3 77
6 72
7 80
8 95
7 87
7 72
9 12
5 86
3 78
3 54
6 4
4 91
10 19
2 78
3 58
8 38
5 17
3 9
10 63
9 70
4 64
7 12
9 31
6 54
4 79
7 36
4 75
4 97
5 0
4 87
8 2
9 4
9 9
8 26
8 48
4 9
8 14
7 38
8 61
3 17
9 32
2 98
2 97
5 67
2 56
4 30
3 5
5 75
1 7
2 92
1 16
6 39
1 37
9 83
8 62
6 55
6 52
3 81
1 80
9 59
8 51
7 2
4 16
4 56
6 17
5 74
5 6
5 24
5 37
6 52
6 76
4 5
10 78
2 70
2 40
8 22
3 54
2 69
1 41
7 19
9 42
8 74
5 89
1 67
2 85
6 27
2 89
4 49
3 32
7 83
4 16
4 55
10 20
2 24
2 30
3 3
6 17
8 5
6 71
10 27
6 98
9 67
8 28
4 98
3 74
3 47
8 85
8 94
9 92
6 72
5 15
10 57
5 4
2 68
8 49
10 36
2 4
9 8
7 6
4 39
8 65
7 13
7 44
4 46
8 90
1 68
1 3
1 87
9 60
1 70
10 83
4 18
7 59
9 57
4 21
3 42
10 42
6 55
2 21
7 3
3 1
6 22
7 28
6 78
5 24
1 13
10 23
7 84
7 20
7 75
10 60
6 33
9 41
10 36
2 47
7 6
4 89
2 65
5 40
9 40
7 26
1 59
8 31
10 0
2 86
8 62
9 64
9 83
7 83
4 2
3 29
1 71
9 77
2 56
6 65
3 75
4 72
3 6
4 73
10 4
10 20
6 80
1 29
2 63
2 38
2 98
9 11
4 46
6 37
4 4
3 83
3 87
2 40
1 11
4 75
5 83
4 43
8 73
4 78
10 63
6 34
5 87
7 73
5 7
4 25
8 82
8 81
10 15
9 73
6 99
6 72
10 59
5 89
6 76
6 15
10 95
3 37
1 99
9 22
2 24
8 76
3 20
9 83
6 19
3 39
5 20
9 36
5 95
4 7
4 41
6 79
2 57
6 32
9 5
9 95
8 7
2 24
7 91
1 37
3 47
10 35
1 47
10 57
7 14
2 16
3 84
10 69
9 40
5 75
10 60
6 69
2 88
10 91
2 77
4 3
1 7
4 13
5 8
7 91
9 45
10 54
8 4
7 84
6 13
7 49
5 17
5 86
10 73
9 86
3 22
4 59
3 65
10 25
3 76
2 61
3 40
1 83
8 65
3 78
4 0
5 23
8 61
2 57
10 83
1 66
1 36
2 6
1 30
7 12
6 79
1 7
8 92
6 47
6 41
4 25
6 97
10 72
7 52
1 53
9 71
9 5
3 11
7 38
1 65
6 59
7 19
5 53
3 95
9 29
2 50
10 79
4 6
1 86
7 53
10 23
1 37
7 16
1 8
10 38
5 19
2 95
1 6
6 76
5 10
3 15
8 50
10 8
3 14
2 55
8 95
10 27
1 80
1 87
1 39
1 11
7 21
4 59
10 63
5 35
9 0
10 53
10 81
7 27
4 55
5 41
3 38
9 90
1 23
10 81
3 59
7 74
1 21
8 29
9 66
9 4
6 58
5 30
9 90
4 22
4 89
7 54
8 17
7 93
10 13
2 26
3 70
2 47
8 16
1 14
6 58
9 4
2 14
8 89
7 87
4 15
2 27
4 83
5 38
8 69
2 85
10 80
1 19
10 5
7 29
10 43
4 82
5 48
7 30
9 46
8 92
6 7
5 34
10 48
2 85
10 73
8 0
2 58
8 47
9 78
5 25
7 49
3 93
9 67
10 4
10 64
9 88
2 66
2 87
7 20
10 86
5 44
5 84
10 73
9 7
10 28
6 64
7 44
10 85
5 8
6 53
3 13
3 56
10 90
4 34
1 46
1 49
6 58
10 63
8 63
7 71
4 88
10 56
9 33
6 51
1 5
1 83
6 16
4 38
4 49
3 16
2 3
4 61
7 90
9 20
10 75
7 25
1 43
8 7
8 12
1 24
2 15
7 73
5 51
9 54
4 57
9 76
10 15
4 33
5 11
2 83
4 70
4 82
10 88
2 27
10 25
10 71
5 4
8 57
1 18
9 69
3 76
2 74
7 71
2 60
6 22
8 72
2 6
1 21
1 74
9 49
9 48
2 92
8 90
3 89
2 57
5 83
5 6
1 99
3 10
2 15
3 98
6 89
6 78
3 7
8 61
7 44
2 54
3 18
5 84
5 100
8 90
2 43
4 20
4 6
4 16
7 32
1 20
4 8
7 48
8 42
4 52
6 22
10 51
3 46
5 81
5 3
8 94
1 33
1 14
1 87
10 83
3 55
4 46
5 32
1 54
7 8
2 67
9 64
2 35
6 37
5 22
2 11
5 7
2 62
2 83
6 32
4 81
10 1
2 26
10 92
10 38
2 88
4 83
1 35
4 93
5 36
6 20
7 10
10 21
2 64
2 42
6 98
6 45
3 94
9 29
3 22
8 25
10 80
5 74
5 72
7 16
9 94
10 54
10 3
7 92
4 26
1 67
4 37
4 8
6 100
5 40
8 1
2 100
3 50
2 1
10 64
2 66
3 15
3 5
2 0
6 36
3 20
5 77
6 59
7 48
1 37
10 17
8 12
1 86
6 87
9 89
5 74
4 89
4 86
6 74
10 1
8 61
7 27
1 32
6 82
6 56
10 9
7 48
5 13
8 64
6 52
3 10
7 33
1 14
3 9
7 84
1 72
6 80
7 69
5 33
4 31
5 93
4 26
7 19
4 18
5 78
3 76
8 3
3 5
3 79
6 31
2 90
7 14
4 24
7 2
7 28
5 59
9 43
2 73
9 2
3 25
5 74
2 29
9 47
5 91
7 29
3 92
1 0
10 97
2 60
8 74
2 62
8 20
7 53
8 81
4 68
7 87
9 78
9 66
2 26
3 80
9 9
5 55
9 49
1 57
5 3
5 72
8 60
2 51
5 56
6 28
10 58
9 80
7 35
1 80
2 58
4 3
8 50
3 47
7 98
9 69
3 57
9 83
1 93
4 88
8 59
1 50
3 96
3 3
7 3
8 87
6 71
1 29
1 75
10 1
4 53
9 49
8 92
6 57
4 89
1 34
4 25
3 68
4 86
1 77
4 73
3 38
4 57
10 34
6 70
5 81
3 71
2 64
8 25
7 66
9 19
1 33
2 11
10 49
4 41
9 95
1 43
9 46
9 67
1 98
3 3
3 37
3 56
6 83
8 73
3 80
2 2
10 3
4 45
8 72
3 14
8 77
7 74
6 73
6 89
5 64
6 25
9 6
5 82
1 9
5 89
3 73
6 64
3 85
4 34
4 95
7 6
10 65
1 89
1 57
8 19
2 71
3 39
5 39
9 37
9 96
4 34
3 21
4 100
4 74
6 79
9 66
7 47
4 32
8 95
4 97
1 37
3 60
2 38
5 17
6 56
5 61
10 5
5 2
10 38
8 18
7 39
7 15
7 16
3 66
5 25
3 95
6 20
8 3
5 64
9 64
4 5
1 95
4 91
10 88
2 100
7 19
4 85
1 85
1 9
9 41
4 10
7 81
5 14
8 29
2 9
6 54
1 67
2 72
5 16
1 20
7 59
6 50
9 87
1 52
6 3
8 12
9 45
6 78
1 42
7 26
1 3
1 54
6 38
3 0
5 99
10 6
10 62
5 47
5 0
1 61
4 96
4 98
6 89
7 59
4 77
3 77
8 81
3 27
6 5
6 90
10 20
9 16
7 71
9 14
9 47
3 99
9 43
9 57
2 46
7 26
4 15
10 35
3 50
4 43
10 29
8 45
5 72
8 38
7 76
1 41
2 75
3 26
9 27
9 3
7 4
7 30
5 68
5 31
8 80
7 41
6 75
3 80
10 36
8 77
6 71
4 90
2 27
1 81
6 80
5 33
6 83
2 44
8 57
8 4
9 80
6 1
2 51
6 52
2 16
4 17
5 41
9 62
2 13
3 57
5 12
2 72
5 24
8 65
3 70
1 16
2 74
9 18
5 7
4 96
6 20
1 53
8 65
1 24
5 69
4 60
10 19
3 0
2 93
9 63
8 3
2 98
1 35
2 37
6 60
7 37
6 61
9 47
6 64
8 95
10 49
5 95
3 90
6 59
4 70
2 97
10 91
7 77
2 19
9 79
9 60
10 71
3 63
3 17
5 92
5 100
4 38
5 71
5 61
5 67
2 3
8 74
9 91
7 73
6 34
8 68
3 30
4 69
1 17
2 75
3 38
6 75
8 56
10 2
4 42
3 68
9 19
1 63
4 39
10 81
2 64
10 2
9 10
1 89
10 3
3 51
7 12
5 0
9 75
2 44
8 98
1 72
9 19
10 25
4 31
10 88
7 66
2 27
1 70
1 26
9 3
2 91
1 11
8 17
9 40
3 29
5 80
5 3
8 87
2 63
7 60
5 34
6 14
6 40
2 41
10 51
1 32
7 6
8 40
2 35
4 70
2 24
10 71
1 44
4 5
7 68
5 70
10 99
4 12
5 65
4 8
2 41
2 95
8 34
9 46
6 25
7 100
3 68
1 61
8 27
6 11
1 97
8 62
10 36
6 20
10 12
2 56
7 53
8 16
9 26
6 70
4 81
8 7
5 88
9 9
7 85
10 88
3 56
3 67
1 59
8 13
1 46
2 46
9 7
1 1
10 20
4 83
8 25
6 84
1 39
8 55
7 70
7 49
2 3
7 2
5 24
8 21
7 86
3 3
8 35
1 67
2 68
9 76
3 92
8 77
3 80
4 25
6 30
5 81
6 12
3 91
1 1
6 99
10 50
5 61
8 3
7 80
4 16
3 33
6 56
2 24
9 51
10 41
1 2
1 90
9 52
5 66
8 72
6 18
4 8
1 39
10 49
9 17
8 57
4 15
8 29
9 12
1 92
5 14
9 92
6 42
4 65
2 62
3 84
6 91
7 9
3 100
9 82
7 9
4 39
1 78
7 1
4 87
9 75
4 97
10 62
3 32
9 75
6 15
9 4
6 92
7 12
2 14
10 91
4 68
9 87
4 39
2 37
2 26
1 6
1 65
2 31
10 71
8 84
3 55
8 62
10 22
4 69
6 31
4 12
2 12
5 31
8 18
3 75
9 2
10 44
7 58
6 63
8 95
4 78
3 97
3 21
8 95
3 23
4 72
4 65
3 100
9 25
3 81
2 69
4 79
3 58
8 49
1 50
6 34
3 19
9 33
2 28
8 8
10 97
4 74
4 41
5 100
8 71
9 50
7 54
4 11
1 60
5 1
5 33
9 84
5 49
2 93
5 91
3 3
8 85
5 99
8 77
7 14
9 14
3 79
5 15
5 70
1 86
1 55
9 27
1 64
6 33
4 84
6 55
9 55
3 75
8 68
8 64
2 86
4 97
7 46
7 66
3 15
7 61
6 62
4 68
10 39
10 42
4 11
5 58
6 88
4 19
4 20
7 33
9 53
10 0
6 89
5 15
2 24
6 37
4 50
8 38
1 32
5 77
9 57
4 86
10 35
9 92
9 61
3 83
4 1
1 42
9 58
8 90
6 69
6 57
5 25
9 74
7 17
5 8
2 5
2 0
4 100
6 82
1 81
1 29
5 22
9 26
6 13
7 9
7 65
7 91
7 40
10 22
6 96
9 73
5 6
5 38
5 92
8 63
6 7
1 13
8 13
1 47
6 90
3 21
9 5
10 13
1 54
9 28
5 66
7 83
4 68
1 63
4 81
1 35
9 62
4 62
5 93
7 35
9 10
5 45
4 79
2 52
4 91
2 19
7 0
10 69
6 32
9 53
5 2
7 50
8 31
8 28
1 4
6 51
3 95
8 8
5 81
8 72
4 89
2 57
4 50
1 95
2 9
9 62
9 100
3 39
2 1
7 57
7 37
8 49
5 82
5 63
5 1
5 25
9 39
2 31
8 22
2 33
2 3
2 88
7 86
3 7
5 65
3 96
3 95
9 67
10 94
4 29
9 14
3 41
2 17
5 39
8 40
10 31
4 8
2 98
8 82
5 79
4 43
8 38
5 76
2 40
6 72
10 8
6 31
4 73
1 42
2 36
8 48
2 7
2 47
2 11
8 79
6 87
5 40
7 57
2 45
10 86
10 22
3 19
8 21
1 11
2 6
7 31
8 1
3 20
4 13
4 5
8 84
5 32
8 96
2 55
6 69
10 11
10 31
8 98
2 17
9 37
4 57
5 42
6 13
6 51
9 93
7 14
1 85
6 8
2 81
10 3
10 59
3 78
5 98
6 23
3 65
6 82
7 37
4 12
5 48
5 90
8 49
7 35
6 21
4 69
1 49
7 72
4 76
1 42
3 28
7 2
3 83
8 95
6 11
5 34
1 5
9 61
5 66
5 52
10 73
1 91
6 92
4 49
5 75
8 62
4 1
10 37
5 80
2 52
10 28
8 87
6 83
3 45
7 17
3 47
10 48
10 54
6 78
2 63
1 21
1 2
2 5
9 47
4 75
9 50
4 43
1 64
5 51
6 17
2 70
9 31
2 57
6 96
5 50
10 29
2 38
9 28
5 51
7 74
1 44
9 2
4 21
4 45
5 30
1 56
9 48
2 60
1 3
6 2
4 56
4 20
8 82
2 94
6 22
8 84
10 44
10 84
6 11
3 41
7 87
2 94
5 32
7 82
1 79
1 34
9 66
4 87
2 36
4 24
2 58
2 24
7 3
3 69
4 23
6 58
6 52
2 9
6 3
1 13
6 39
5 85
10 65
10 24
2 4
8 77
4 12
6 16
2 9
1 35
5 51
8 99
8 85
3 42
8 16
6 97
5 75
5 27
1 30
7 54
6 61
8 45
5 34
8 92
5 87
3 27
4 11
8 84
2 59
3 34
2 40
9 27
8 73
9 80
4 28
2 39
7 7
1 28
6 19
9 26
10 24
9 59
10 80
6 18
5 88
2 47
3 23
5 57
9 9
3 39
1 72
10 12
6 36
1 67
8 28
5 33
2 47
1 60
9 32
2 77
3 38
1 82
3 72
8 77
2 37
8 53
8 72
2 1
2 42
8 73
2 35
1 7
1 25
5 33
10 17
10 37
2 42
1 65
6 66
6 73
8 99
7 18
9 18
1 80
2 14
3 53
1 9
9 5
7 62
9 97
2 1
7 64
2 79
6 78
10 59
6 35
10 16
7 71
10 75
2 6
9 73
3 2
1 56
9 72
7 100
3 51
2 63
8 45
3 55
3 49
5 22
1 62
5 80
4 58
5 61
1 83
9 59
3 22
5 74
7 34
8 22
5 13
8 15
9 3
9 14
9 85
4 28
5 25
10 1
2 88
3 93
7 48
7 2
4 36
7 18
1 67
4 97
2 100
10 61
10 91
4 81
4 79
5 27
4 48
6 47
3 59
9 95
2 85
5 4
6 85
10 52
7 38
10 96
5 65
2 65
3 19
9 93
1 12
8 55
3 58
2 26
8 10
6 92
3 87
8 29
10 47
6 83
7 50
8 54
9 31
1 16
10 66
8 38
4 79
5 40
7 76
10 58
5 47
5 4
4 77
7 95
4 17
5 43
2 32
1 31
4 10
6 67
5 42
4 71
7 37
10 8
4 8
6 58
7 84
9 56
5 43
6 82
7 61
9 63
10 3
7 98
2 31
1 99
1 80
6 64
2 60
10 72
4 71
1 1
10 100
7 73
7 82
6 69
5 100
2 33
4 23
10 24
7 3
9 59
1 65
1 29
3 61
3 100
8 77
4 38
9 81
6 35
1 37
4 47
7 63
1 7
9 36
8 94
2 10
4 58
6 58
3 19
4 56
8 24
8 6
10 74
1 96
3 13
1 18
9 43
9 50
4 28
8 92
2 43
2 37
8 39
3 38
6 58
6 73
1 74
4 56
7 47
2 15
2 25
4 6
9 83
9 32
9 37
7 48
1 85
9 63
1 5
9 29
6 7
4 5
10 36
3 5
2 100
4 60
2 37
3 14
10 13
5 2
6 17
6 59
6 87
8 61
8 40
3 56
4 71
3 24
5 99
9 30
1 59
9 75
6 15
1 36
6 50
1 80
9 22
5 48
5 77
10 88
5 100
7 80
5 50
4 69
4 45
2 0
7 79
8 32
6 73
4 52
8 72
5 11
10 43
9 21
3 21
4 55
10 3
5 13
2 99
5 16
5 42
6 24
7 30
3 81
2 82
6 37
7 1
8 7
8 21
7 36
10 43
7 36
1 65
3 41
3 55
6 42
4 37
9 24
9 21
6 32
10 36
4 27
2 77
8 52
4 47
1 33
7 28
6 74
1 62
10 2
9 78
7 94
5 34
1 51
7 70
8 6
4 10
2 16
7 48
3 22
7 52
7 93
8 87
3 1
5 7
10 42
2 29
6 75
1 62
1 82
10 13
4 33
10 69
2 17
4 68
2 90
8 50
10 12
3 55
1 100
6 71
2 19
8 98
9 96
4 46
6 64
8 91
3 11
4 4
6 8
4 36
6 59
4 57
7 92
10 39
6 93
1 50
1 62
3 99
5 32
7 49
7 13
7 81
2 29
7 27
10 4
10 81
5 16
1 43
8 13
7 61
2 100
1 4
5 20
1 23
6 28
4 43
9 64
8 45
10 86
9 61
7 20
9 2
1 38
9 28
1 68
3 80
1 73
6 89
3 82
7 8
2 86
10 32
7 63
9 92
2 28
7 95
2 47
10 68
7 18
8 31
4 45
1 76
5 56
6 53
7 31
9 34
10 83
8 94
9 57
8 38
4 66
7 56
9 16
1 32
7 74
7 7
10 76
7 72
1 84
3 9
1 42
10 40
7 31
6 35
6 18
2 88
2 88
1 5
4 18
6 56
5 70
10 70
9 63
5 73
8 49
9 58
3 32
1 31
5 86
1 44
8 62
8 68
1 79
7 60
6 96
5 9
2 39
6 50
7 54
8 41
5 51
5 98
4 99
3 86
8 53
6 10
8 66
1 24
3 45
8 32
3 46
4 10
1 73
4 68
10 96
6 59
3 1
3 63
9 15
4 79
1 47
4 19
6 7
10 63
3 60
2 40
9 99
6 98
5 51
1 21
1 45
9 27
8 66
6 7
3 42
1 46
4 32
7 11
6 34
10 89
6 79
8 12
1 45
8 79
10 78
3 18
9 74
6 3
7 27
8 53
10 61
10 65
1 50
8 70
6 57
7 84
8 9
3 26
8 18
1 19
7 62
2 47
3 39
2 2
7 77
2 86
9 91
7 4
1 86
3 26
3 32
9 72
1 50
2 28
6 39
5 72
2 0
10 0
7 33
4 59
2 41
5 77
3 35
2 69
6 53
8 53
5 71
2 78
4 17
2 22
6 1
9 95
8 97
1 20
6 18
2 72
6 38
3 86
9 38
1 33
1 66
9 33
7 48
1 57
6 27
4 87
6 86
7 54
4 87
6 95
7 99
9 82
1 92
3 28
6 54
6 71
10 34
10 25
6 50
7 67
9 79
9 1
6 51
8 23
6 4
3 22
5 70
9 68
10 77
5 23
9 4
5 46
3 65
5 61
2 30
5 4
6 66
10 65
7 59
5 38
10 1
10 75
8 55
9 17
9 6
7 37
4 59
3 43
5 11
9 55
10 64
4 3
8 76
3 16
5 28
7 46
10 66
6 21
1 95
2 6
2 42
6 4
1 47
2 98
9 3
6 72
5 52
4 1
4 21
5 48
8 84
1 94
1 57
9 22
4 93
10 98
3 41
8 75
9 39
4 74
8 63
4 71
5 80
1 52
7 56
4 28
6 90
5 52
5 4
4 86
8 61
8 52
7 83
9 60
3 40
2 14
4 89
10 86
2 79
6 15
8 9
1 29
5 22
9 26
5 28
2 82
4 38
10 87
3 79
6 61
6 18
8 3
4 90
1 70
4 72
9 94
8 71
1 81
8 86
7 45
1 27
1 42
2 72
5 52
5 60
4 62
2 0
1 79
6 19
7 90
9 26
3 21
8 62
1 69
3 45
10 62
2 1
3 100
4 15
2 98
5 14
1 36
1 96
9 54
2 24
7 46
8 60
10 48
9 5
8 83
7 43
4 53
2 68
2 39
10 99
6 86
2 57
3 33
5 13
7 44
9 62
6 59
2 45
5 71
3 41
1 13
10 80
4 78
1 15
5 57
4 38
3 85
2 37
3 86
2 56
4 98
1 24
2 36
1 67
7 16
10 99
2 2
9 35
4 85
10 44
10 51
9 91
1 90
5 35
3 98
3 47
4 23
5 42
7 29
5 46
10 51
9 47
5 68
3 32
5 4
5 43
9 59
4 92
5 55
7 16
5 56
3 77
2 42
2 36
3 47
1 22
5 61
8 63
4 29
9 87
7 50
2 14
1 48
4 50
9 3
4 38
1 8
4 27
1 55
2 40
5 18
2 12
10 91
3 4
3 29
3 59
7 6
1 42
8 15
6 34
6 58
2 53
5 69
1 4
7 26
2 13
8 4
10 17
2 80
10 46
1 79
3 74
2 32
1 95
2 77
5 97
4 35
3 63
6 81
3 3
6 79
6 60
1 27
8 25
8 45
6 44
10 0
8 58
5 25
2 1
10 76
5 1
10 10
7 67
5 18
9 55
2 76
2 18
5 26
3 32
8 59
7 23
6 3
7 92
4 93
9 85
4 35
1 76
1 2
8 54
6 86
5 31
4 78
3 58
9 43
2 13
7 49
7 4
6 0
4 75
6 26
10 100
8 12
6 20
6 82
5 92
6 65
2 82
6 28
6 52
7 49
10 5
1 37
10 2
5 76
6 33
10 67
10 95
3 81
7 24
9 27
7 29
3 88
5 87
7 24
1 49
4 37
7 87
10 8
4 85
4 44
1 29
9 39
5 31
1 35
6 54
3 93
10 47
1 70
1 54
6 3
1 16
3 17
6 62
6 23
5 78
10 88
6 71
7 53
3 31
7 81
2 5
8 11
3 23
8 17
8 37
10 98
9 45
1 37
3 63
3 94
3 26
2 40
2 81
7 77
6 54
5 11
10 99
10 24
5 12
7 23
9 42
6 31
9 65
10 82
1 73
2 98
2 85
1 33
4 84
10 70
9 93
3 72
5 74
8 93
8 58
8 20
1 22
9 18
4 60
