10000
8 44
4 42
10 50
9 62
2 51
8 29
9 23
2 80
1 1
9 41
3 12
3 25
9 24
5 14
5 35
7 96
6 17
8 55
10 78
6 42
9 53
2 62
1 57
2 41
2 64
5 46
7 13
6 61
1 36
10 4
4 70
9 78
5 68
5 7
7 42
9 100
9 35
9 24
10 11
9 94
6 84
1 90
8 74
10 92
4 86
4 73
5 36
7 22
7 80
1 73
5 86
5 71
10 19
7 58
6 85
9 86
10 6
4 19
10 19
2 43
3 33
7 28
4 89
7 35
5 33
4 10
8 79
5 96
2 56
7 58
3 5
6 63
6 54
6 38
7 31
9 22
4 1
9 12
4 98
5 40
1 45
4 76
9 31
9 16
8 82
4 48
10 21
6 36
9 52
3 61
8 67
2 35
9 58
10 31
1 100
5 93
8 38
6 22
2 16
7 47
10 35
1 55
6 38
5 32
9 8
9 90
6 11
6 72
3 42
1 6
8 68
7 65
3 95
2 2
5 20
3 24
1 96
5 85
9 63
10 24
1 11
2 92
10 90
3 98
8 76
4 62
4 33
4 75
8 51
2 60
2 100
10 87
4 54
8 18
8 25
10 8
4 61
1 89
8 21
2 86
9 74
3 63
2 57
2 44
3 36
7 100
2 60
4 66
3 45
7 4
2 64
3 75
5 47
9 28
7 13
2 12
6 52
5 27
2 88
2 58
5 5
10 78
5 37
8 64
3 23
3 86
4 94
1 36
7 56
9 5
9 54
2 40
1 93
3 30
1 69
9 64
5 85
2 21
1 57
3 80
1 58
6 51
2 31
7 85
10 3
10 18
9 12
3 93
4 44
4 63
8 0
4 48
8 79
6 35
5 55
8 98
8 80
9 17
10 5
5 63
10 7
8 43
2 95
2 68
4 72
9 24
7 83
1 35
1 28
7 23
4 67
10 24
7 0
3 56
9 54
4 39
3 32
5 70
9 35
10 15
7 5
9 29
3 67
3 80
7 22
1 93
9 5
9 68
3 53
8 2
6 59
2 36
3 12
2 72
5 49
3 95
8 22
3 99
5 40
9 17
10 34
10 5
5 16
3 59
4 16
3 72
6 97
4 2
9 34
10 24
4 32
5 25
7 63
4 46
1 20
1 41
1 99
1 57
8 74
4 29
6 3
9 67
3 22
1 45
5 44
8 94
4 77
5 52
3 57
2 35
1 42
6 91
10 21
4 79
2 38
1 46
6 27
2 58
3 20
5 45
5 25
4 95
2 94
4 41
3 92
2 25
7 41
6 7
2 28
8 5
6 22
4 48
1 6
6 4
7 20
1 46
2 75
6 20
3 2
2 25
2 26
9 68
9 97
6 80
1 46
6 79
10 69
7 65
3 32
10 16
5 50
4 91
4 35
3 87
10 62
10 42
4 14
2 66
6 31
10 62
5 94
9 84
7 76
5 9
4 1
1 100
8 11
4 23
10 98
7 67
10 73
6 77
4 51
10 18
1 1
1 50
4 46
2 64
6 88
6 15
8 68
5 87
5 76
7 31
9 13
8 15
3 95
3 36
3 79
4 39
1 64
3 46
3 72
2 68
8 16
6 12
7 66
8 95
4 83
9 66
5 20
8 76
4 32
1 22
2 41
4 62
9 82
10 31
5 83
6 13
10 61
7 12
5 28
8 83
7 7
1 0
7 83
6 18
4 43
10 19
4 20
8 5
8 73
2 75
5 97
2 92
9 37
6 38
8 86
8 69
1 18
1 5
2 11
6 21
9 67
9 15
4 54
1 79
2 18
10 49
10 24
2 56
6 18
8 3
4 30
10 7
8 11
10 17
10 0
3 49
1 70
4 71
7 64
4 14
3 38
7 84
2 9
7 49
7 88
5 88
5 6
8 52
8 75
9 14
2 89
8 76
4 4
9 49
3 3
8 61
10 31
5 20
6 5
7 30
2 91
2 93
6 67
4 82
5 69
3 0
8 6
3 31
10 7
1 76
4 19
7 92
7 5
3 38
10 13
6 39
6 11
5 83
6 33
9 76
6 95
1 13
7 0
1 33
10 73
2 79
3 94
1 9
1 76
9 35
1 0
4 83
7 31
10 29
3 44
4 40
1 24
5 83
2 45
8 15
2 100
8 33
9 26
8 76
7 94
9 74
6 62
1 91
6 52
4 47
5 33
3 85
8 99
5 61
1 69
9 14
10 42
5 64
3 82
2 40
4 66
6 34
10 75
6 37
4 2
3 67
3 80
2 84
10 12
2 47
10 72
3 26
7 41
2 5
9 25
1 18
7 86
6 22
10 1
8 14
10 25
9 57
9 75
5 98
5 17
4 55
6 10
2 2
9 15
10 47
5 42
10 41
10 84
4 78
1 27
6 58
6 72
2 90
7 23
3 59
1 41
7 2
7 90
4 51
10 71
4 43
9 31
7 71
9 82
9 32
7 95
10 37
6 39
10 39
6 25
4 72
8 76
9 23
5 55
5 47
2 54
10 27
8 10
7 47
4 37
3 21
10 84
10 98
10 50
7 76
1 100
3 44
8 41
8 72
10 70
1 19
7 60
8 91
10 67
10 81
4 59
3 83
4 4
4 40
6 70
9 40
8 78
4 77
7 95
8 23
10 8
7 52
10 73
2 38
9 72
6 68
8 14
2 52
9 89
2 23
3 17
7 50
5 9
2 83
3 8
3 85
9 3
6 83
2 34
5 75
3 66
6 2
4 37
2 99
6 12
6 21
6 61
3 30
10 67
5 69
6 92
1 86
5 2
2 1
4 24
8 99
4 34
9 45
1 24
6 32
4 94
3 65
8 43
1 33
4 18
3 93
3 90
8 31
10 47
8 98
10 57
1 82
3 59
9 38
5 90
8 39
10 1
8 81
8 37
5 94
10 23
4 31
4 58
7 32
10 4
6 58
4 80
1 85
3 65
1 58
2 100
5 42
2 32
9 10
3 70
8 42
9 39
10 16
5 60
7 84
9 33
8 43
5 19
1 55
3 21
9 20
6 44
9 83
6 40
6 0
10 33
4 67
5 8
2 88
4 34
2 98
7 58
6 76
4 70
8 51
2 11
7 5
4 56
7 60
8 12
10 67
8 61
2 42
5 99
4 45
2 45
1 20
10 56
7 43
5 47
10 75
3 33
3 37
9 68
9 51
4 74
5 88
6 27
1 34
1 77
6 71
4 3
1 56
7 2
3 87
7 45
7 4
1 28
3 20
6 26
5 29
5 65
9 52
1 31
9 56
3 0
10 8
7 41
5 86
2 46
3 29
6 6
6 23
2 43
3 92
4 10
3 18
1 32
1 55
8 2
4 18
6 53
7 51
3 37
4 55
5 81
9 36
1 66
1 81
7 22
10 94
3 95
9 64
8 78
4 19
9 15
8 50
8 2
8 28
6 17
5 38
6 77
3 50
4 44
2 2
7 23
3 22
9 87
4 71
1 87
5 96
9 97
2 28
3 4
10 49
5 31
10 88
5 79
1 48
8 40
2 60
2 2
5 99
6 41
9 20
6 8
4 95
6 50
9 20
7 17
1 75
3 58
4 96
4 8
3 15
6 94
9 100
3 15
5 6
9 9
2 38
8 57
10 83
4 4
2 81
1 31
5 74
10 85
6 43
8 96
3 22
10 56
8 32
10 26
10 66
7 40
5 73
3 36
6 28
1 58
10 48
1 41
2 99
2 63
2 84
6 98
2 81
7 51
8 57
10 38
3 75
9 77
7 19
1 57
9 63
4 21
4 64
10 31
6 38
8 89
2 60
1 17
2 67
5 88
4 77
9 48
3 86
1 74
9 74
3 100
8 17
9 2
1 12
9 46
4 62
7 84
2 44
2 67
1 50
4 12
6 14
4 23
10 43
1 73
2 95
8 99
2 93
5 76
7 33
10 82
10 9
1 83
10 25
4 41
9 69
1 73
4 21
10 45
8 13
7 60
7 73
10 21
5 85
1 100
4 65
4 54
5 50
2 50
2 35
4 51
3 22
5 23
4 82
7 48
7 70
3 91
1 74
5 96
10 87
1 1
7 47
1 9
9 38
1 91
8 78
9 14
4 69
3 77
6 35
5 28
4 54
8 11
4 100
1 90
8 41
4 61
2 50
7 48
5 45
7 97
8 28
3 67
10 70
8 43
6 71
1 38
4 46
5 25
6 6
4 10
3 26
6 22
6 59
10 15
8 31
5 3
5 19
10 99
7 15
10 67
1 98
6 8
2 23
10 2
7 9
7 23
5 71
1 58
3 15
9 51
5 58
9 11
9 72
2 58
3 76
5 53
5 65
5 37
3 88
2 40
7 9
4 54
5 25
6 36
9 11
10 87
2 20
6 73
3 18
1 38
3 45
3 58
10 81
10 82
4 22
5 70
7 16
6 21
4 44
1 91
2 82
10 60
2 94
1 36
10 45
1 59
7 68
3 7
4 30
10 56
9 55
10 92
3 59
8 28
4 69
2 60
7 91
2 65
1 72
2 20
9 51
4 25
8 21
3 13
4 1
2 14
8 46
2 20
4 58
1 7
4 21
10 1
5 25
3 93
4 96
1 83
3 98
2 24
7 92
8 62
5 87
2 19
4 63
10 96
6 57
2 65
5 91
7 27
8 99
10 94
2 13
5 26
4 26
2 38
5 51
9 0
8 87
3 77
10 82
5 86
5 96
1 42
6 35
10 100
5 38
3 19
7 95
8 44
6 54
8 31
7 100
6 47
6 49
7 38
9 90
3 57
9 97
5 4
3 16
5 15
5 89
2 81
2 24
4 13
6 53
5 46
2 53
1 82
3 90
3 79
4 5
8 6
6 13
6 37
2 96
6 78
1 22
8 60
9 23
2 52
9 31
5 40
9 33
9 20
9 21
8 0
3 58
10 41
4 34
7 27
10 32
9 52
7 46
2 100
9 57
9 24
4 62
7 96
6 80
3 84
2 86
1 35
5 38
6 66
6 80
1 11
2 70
1 59
5 46
7 86
3 56
7 34
10 56
8 18
9 26
3 75
2 5
1 87
1 2
1 1
8 69
4 80
10 96
7 64
1 5
3 7
10 55
9 95
1 51
9 57
7 74
4 67
2 70
2 18
3 57
5 0
7 27
2 59
5 48
6 15
3 37
1 23
9 58
10 70
3 9
10 33
6 71
10 18
9 94
6 12
2 13
5 63
10 98
9 18
10 44
3 36
1 98
7 62
10 43
6 17
9 98
9 50
1 59
1 66
2 95
5 64
4 86
4 26
5 2
1 42
8 33
1 77
9 90
8 52
3 19
10 55
2 55
6 91
9 10
2 2
9 63
4 0
5 36
8 43
10 22
3 84
10 12
3 100
7 14
10 40
4 25
7 73
4 99
8 51
6 85
4 93
2 7
9 20
8 89
6 52
7 66
9 43
6 95
1 44
10 91
5 85
8 100
4 45
9 100
3 49
5 37
2 17
4 33
7 93
8 2
5 37
10 55
4 41
6 92
7 69
8 70
2 91
3 91
1 93
10 25
4 64
8 78
9 77
2 28
8 59
7 88
7 51
4 67
3 17
2 95
9 3
8 71
2 2
5 86
8 36
9 35
8 65
8 94
8 61
9 61
5 33
4 98
1 34
5 92
5 6
6 57
4 94
4 31
9 38
7 76
1 91
8 92
2 90
8 35
5 98
1 57
3 39
7 67
3 26
1 78
2 27
6 56
8 4
2 60
3 3
7 66
4 10
8 35
4 20
9 40
3 57
3 12
10 17
1 97
7 23
3 97
9 0
9 32
9 82
4 86
5 92
7 48
1 6
9 37
1 57
4 25
3 87
4 16
10 45
8 68
9 84
1 55
4 16
2 50
1 18
9 97
8 88
8 91
5 81
7 32
1 64
10 35
10 3
3 29
1 29
1 98
8 39
8 42
9 95
3 68
10 56
8 10
5 73
2 1
9 11
10 57
10 93
6 18
8 74
6 92
8 71
6 82
7 51
6 65
4 47
7 61
10 9
1 58
5 41
6 6
1 21
7 99
8 7
5 46
4 34
5 86
7 5
8 56
10 67
9 13
2 7
6 86
6 72
1 91
3 3
8 59
4 15
10 4
3 46
6 62
4 72
9 32
8 63
9 8
5 48
5 100
9 1
1 5
4 23
7 40
1 92
6 3
10 7
8 12
3 1
7 61
10 12
1 93
7 18
2 62
8 1
1 17
6 52
2 97
1 58
2 49
7 19
3 7
5 89
7 22
10 80
8 70
9 98
8 6
10 59
8 77
3 29
7 49
8 100
2 44
8 71
8 63
10 25
5 15
4 63
5 22
3 16
7 44
9 36
4 41
4 52
6 45
4 50
8 51
9 72
5 44
1 36
9 96
9 62
2 71
4 7
9 78
5 0
3 32
1 34
1 85
10 71
1 1
5 57
4 33
2 1
6 65
6 77
9 63
10 47
5 40
4 83
9 66
10 56
10 85
8 55
8 8
9 100
2 98
2 50
10 22
7 20
7 86
8 35
7 97
8 29
6 81
10 8
10 70
10 12
1 86
1 60
5 6
10 49
4 28
10 25
5 38
8 19
8 22
2 29
7 97
10 51
7 17
3 78
7 27
4 34
8 50
1 84
4 73
2 7
4 95
10 47
4 54
1 54
6 69
9 44
7 81
5 2
6 91
7 9
5 89
7 89
5 32
3 39
3 90
1 85
3 12
8 16
2 5
3 78
5 33
2 40
1 37
1 55
4 80
8 58
5 84
5 14
1 74
4 32
8 67
10 42
4 48
4 88
4 3
7 52
2 7
4 7
5 48
8 83
3 61
2 72
9 83
7 47
7 63
10 80
8 49
6 88
8 16
9 92
5 96
6 13
1 9
2 69
6 49
2 75
7 78
9 25
5 88
10 20
10 27
10 47
1 53
8 58
8 27
4 21
4 13
4 64
9 10
8 30
5 41
4 25
2 56
8 4
4 1
7 15
4 45
3 89
3 66
4 20
6 98
10 96
2 6
3 77
2 77
2 77
4 25
7 24
8 28
6 3
1 58
4 18
3 3
2 44
1 4
6 26
8 36
1 53
9 62
6 44
2 80
10 51
5 7
9 70
2 76
4 98
10 82
5 24
5 15
4 56
3 6
3 91
3 6
7 15
4 71
1 90
5 29
2 94
5 85
6 95
9 57
10 25
3 87
8 1
3 54
8 97
7 58
10 1
7 61
4 33
9 13
1 0
7 60
7 57
9 33
8 11
4 90
2 72
10 94
5 90
5 22
2 29
7 86
8 51
4 78
7 39
5 14
8 3
9 61
1 27
10 35
5 1
10 95
10 55
5 54
5 90
5 33
2 65
3 39
3 62
9 29
7 15
8 4
9 67
2 72
1 48
5 60
1 40
5 19
2 49
3 80
5 42
6 29
1 50
10 43
1 85
5 8
6 24
2 86
3 69
8 52
9 26
10 84
3 61
3 13
3 93
5 79
1 31
6 69
5 31
1 16
9 54
1 21
9 16
9 32
10 26
7 89
9 23
8 73
7 97
6 94
5 49
6 80
4 29
2 67
1 49
7 15
5 33
8 100
3 62
2 47
4 71
6 87
4 77
1 4
9 6
6 78
4 33
4 29
7 62
1 25
4 9
3 89
5 28
1 20
2 93
10 70
2 13
3 56
6 30
2 2
3 66
8 97
8 69
5 15
10 16
3 78
4 18
6 6
9 78
6 8
2 18
5 62
8 63
10 97
8 36
8 85
6 85
5 52
4 33
6 62
7 45
10 58
4 58
4 96
1 5
9 78
5 14
10 73
7 65
9 36
6 5
3 59
9 79
10 16
3 64
7 63
1 5
2 77
6 79
9 52
5 58
5 67
3 98
1 61
10 28
1 0
9 97
5 59
10 100
9 15
1 75
2 43
5 53
7 20
2 13
7 46
9 95
2 87
5 64
3 63
5 6
9 8
10 69
8 59
2 92
2 45
3 47
9 4
1 53
2 26
8 22
4 31
9 3
4 5
9 67
5 60
5 26
2 3
1 70
8 14
5 53
5 54
4 66
4 14
4 15
3 81
9 74
2 40
8 49
6 12
7 14
3 55
3 29
7 49
1 31
4 58
8 98
6 51
6 4
2 27
4 24
2 86
7 30
3 89
5 97
4 83
1 17
5 99
3 80
9 57
8 84
2 19
8 93
10 21
4 33
8 61
1 8
3 47
9 28
6 34
10 87
8 96
2 92
10 4
8 46
4 43
6 41
5 22
10 87
9 57
2 1
3 83
8 65
7 33
4 97
6 54
5 72
5 87
3 55
1 11
10 89
6 8
2 6
10 62
8 73
4 69
9 59
9 87
8 6
1 68
8 55
6 29
4 93
8 99
2 5
7 30
9 41
8 83
8 74
3 35
7 82
2 43
7 89
5 54
2 85
4 84
4 47
5 54
9 38
3 28
5 39
6 83
8 4
1 66
3 92
3 54
1 51
9 27
1 24
6 76
7 29
2 70
6 67
1 57
1 70
2 77
10 19
3 62
10 19
10 4
2 60
3 52
8 19
2 30
1 5
7 36
5 65
6 89
10 35
10 44
5 67
6 58
8 54
9 54
7 31
9 0
2 62
9 14
6 36
10 17
6 77
2 82
7 50
8 13
4 76
5 88
8 82
1 16
1 53
2 32
3 18
3 40
10 64
7 37
8 44
10 95
8 63
1 52
9 54
8 64
2 52
10 85
5 37
4 58
4 58
3 43
1 86
3 11
1 70
9 30
1 98
7 47
6 92
4 84
10 54
2 100
1 39
10 67
10 19
10 67
3 42
2 3
10 9
9 99
9 34
9 31
2 18
1 87
9 96
4 69
6 86
5 11
3 21
3 63
6 22
4 11
10 59
10 17
9 73
8 29
9 29
5 53
9 17
7 24
9 69
6 91
8 0
1 85
5 49
9 48
10 82
8 36
5 87
1 78
5 73
1 17
1 14
6 92
4 88
1 19
8 59
1 47
10 36
6 92
6 26
6 86
1 99
6 82
6 69
1 76
8 60
2 8
3 87
8 50
9 86
8 22
10 51
1 86
1 96
1 52
3 34
6 86
1 75
6 91
6 51
2 25
10 21
4 57
7 61
8 30
6 33
3 72
2 43
6 32
9 9
5 82
3 25
9 67
10 45
4 69
9 36
4 1
10 93
7 87
2 61
10 71
9 14
6 86
7 5
6 37
2 10
1 28
7 14
10 49
9 69
5 87
3 1
6 15
3 70
9 77
1 88
10 23
9 84
10 95
1 33
5 7
2 95
5 28
4 11
10 11
2 63
10 4
1 1
4 10
1 8
5 84
4 41
10 17
6 78
3 47
4 59
9 36
6 100
8 22
8 22
2 4
3 94
9 81
8 77
7 5
5 100
1 91
5 37
8 16
7 37
2 71
5 19
2 4
3 14
2 48
3 51
2 39
3 29
4 62
1 83
5 34
9 30
3 4
9 38
1 93
7 34
10 58
9 39
5 17
6 60
1 8
3 38
1 17
6 85
2 43
10 9
5 15
3 83
4 30
5 41
6 61
8 98
5 93
7 76
2 40
5 74
6 53
7 44
6 29
10 59
4 12
4 0
9 22
5 59
9 69
4 2
10 65
1 51
7 96
1 57
3 31
2 25
10 58
1 48
9 87
8 40
1 57
7 40
1 25
9 84
2 89
10 18
1 74
6 6
5 75
1 30
7 30
1 96
10 16
4 42
4 12
5 51
9 42
10 14
4 22
2 24
10 80
7 2
10 26
8 82
10 35
1 59
3 29
10 93
4 41
7 22
2 88
5 83
2 83
1 36
10 8
2 50
7 41
3 23
5 89
8 77
4 9
8 17
10 66
3 29
1 45
4 33
2 24
2 40
9 83
5 78
1 36
2 56
3 60
5 65
5 0
2 41
2 70
10 6
5 15
4 77
1 7
7 91
4 8
10 45
5 90
3 18
6 41
6 74
3 29
5 55
5 63
5 50
8 98
4 43
10 30
8 8
5 23
4 69
6 34
5 76
2 4
9 60
2 88
6 9
4 28
4 54
10 80
4 30
8 50
4 56
3 56
6 39
10 75
8 47
5 87
8 19
1 40
1 81
2 3
4 46
6 38
2 62
10 85
9 98
3 22
2 76
1 77
9 89
6 66
3 70
2 4
3 23
1 37
8 100
5 63
2 7
4 77
9 70
2 7
8 37
10 29
2 96
1 63
1 93
9 31
7 12
10 37
4 65
8 70
2 37
3 57
7 17
6 77
9 65
1 73
2 11
8 56
3 60
7 5
2 70
3 80
9 28
5 14
9 64
5 26
1 88
3 65
6 25
6 35
8 7
10 18
8 20
2 9
10 61
4 96
8 22
6 65
6 39
2 11
6 79
8 67
4 82
8 40
9 62
1 2
1 95
3 40
4 98
9 82
5 5
3 14
10 99
3 2
3 51
4 20
7 99
5 5
7 76
4 15
6 65
9 14
5 84
10 52
1 73
2 30
8 0
7 99
7 72
7 24
2 65
8 12
1 55
4 42
7 83
3 63
8 64
3 9
6 59
6 71
8 63
1 53
3 36
2 40
4 75
3 41
1 37
9 73
1 50
6 0
5 23
1 85
2 46
1 20
6 70
7 15
5 60
6 65
2 91
5 98
5 34
7 55
5 34
2 88
6 18
10 51
4 13
6 76
3 19
5 61
6 15
4 75
7 20
9 13
9 87
6 22
4 39
6 83
10 3
3 24
6 61
8 33
1 5
1 33
8 67
4 39
10 66
9 56
5 78
4 88
5 29
4 51
4 12
10 77
6 75
4 4
8 99
1 79
9 46
4 72
10 40
1 60
5 79
5 44
6 39
9 100
4 19
10 89
5 67
8 13
5 66
1 72
10 39
3 38
4 67
6 80
10 49
7 89
8 8
3 2
10 1
4 31
2 84
8 48
7 4
3 64
1 74
1 59
5 99
10 5
2 42
3 83
8 18
5 95
4 85
4 85
10 46
3 35
9 43
7 91
7 11
7 62
4 71
7 2
4 69
6 62
2 66
1 75
6 90
4 5
4 57
6 59
3 52
5 78
4 59
5 73
4 34
5 49
8 100
8 60
2 37
4 90
7 90
1 44
9 38
2 43
3 68
7 16
4 91
2 57
1 79
7 61
7 65
1 6
3 76
2 57
2 7
4 95
7 0
7 50
1 18
1 82
1 6
7 72
8 14
3 44
5 31
3 55
9 12
3 12
4 7
8 81
1 9
8 22
9 72
9 41
4 92
5 95
2 63
3 28
4 32
8 86
6 10
1 77
2 48
1 34
1 10
3 91
9 57
2 67
4 79
1 81
2 31
5 7
6 84
3 16
2 57
8 31
4 6
3 88
6 55
2 48
10 40
1 13
2 10
2 4
4 46
3 35
10 8
5 47
8 32
5 89
9 100
10 15
10 5
1 25
2 66
3 98
4 35
4 8
7 30
7 30
8 33
9 79
7 11
3 37
1 93
9 40
9 97
3 96
3 57
2 70
3 83
8 63
3 100
1 56
5 10
9 5
2 69
3 96
1 13
10 47
9 29
10 18
10 92
3 65
8 29
7 51
8 49
7 29
2 0
1 94
2 2
8 87
2 6
10 24
10 53
1 98
2 57
6 16
7 46
8 37
2 45
7 85
8 57
4 18
6 60
2 36
9 30
1 25
6 24
2 39
6 28
3 0
9 59
9 90
5 7
9 82
8 22
1 79
5 89
1 77
1 4
9 97
7 40
4 28
3 29
1 92
5 39
5 80
4 89
7 28
10 13
2 65
8 63
9 48
4 32
3 40
1 37
7 42
10 12
10 81
2 5
3 33
4 99
7 60
9 65
6 28
8 66
8 56
5 60
3 15
10 100
5 26
6 93
9 82
6 33
6 33
8 0
5 77
9 11
9 75
10 72
1 47
9 3
1 82
9 44
1 72
6 83
3 30
5 22
9 11
8 30
7 43
9 4
5 20
1 97
7 12
7 17
2 16
4 50
7 100
10 36
2 4
1 33
8 20
3 16
10 98
4 75
10 48
3 86
3 15
10 93
1 68
3 85
4 31
1 56
1 1
4 82
6 9
1 44
5 23
7 35
2 90
8 96
1 87
8 16
2 87
1 3
4 4
3 73
5 30
3 94
7 18
9 38
7 78
7 4
9 73
3 36
1 11
2 16
8 39
1 77
8 41
8 69
8 41
7 11
1 89
10 84
6 65
10 24
8 51
5 78
8 63
2 12
8 58
3 60
6 91
1 41
3 57
9 13
10 27
1 97
10 83
7 93
6 55
1 37
10 58
4 42
7 68
4 35
8 36
10 53
3 35
7 95
6 80
3 40
8 61
7 73
6 48
4 4
6 83
4 92
3 96
8 2
1 72
6 12
8 35
8 79
9 88
1 42
8 97
1 73
10 10
4 66
2 93
2 41
3 37
8 33
10 51
5 37
3 94
4 80
3 82
2 67
4 1
1 23
5 0
4 56
3 81
6 1
3 68
10 6
5 52
9 30
7 41
8 58
5 78
5 72
10 18
3 59
10 36
4 46
2 99
8 92
2 47
2 37
8 34
2 25
2 86
10 64
5 9
5 1
5 45
3 75
3 98
1 44
3 5
3 84
3 26
4 91
7 23
6 95
2 31
10 90
1 87
9 84
5 70
3 70
3 84
1 75
3 69
1 77
10 62
9 82
3 54
8 65
4 85
4 32
1 15
8 61
6 64
10 12
2 12
3 67
7 55
1 68
9 10
9 3
9 21
4 65
5 75
4 63
9 68
5 6
1 70
2 95
8 46
4 80
3 84
8 4
7 60
7 58
3 48
6 72
2 78
6 62
9 40
4 7
1 82
7 90
9 88
8 98
10 40
8 42
3 1
8 60
9 46
10 29
7 72
4 25
10 30
10 50
7 64
4 86
9 60
9 93
10 8
3 85
9 6
10 6
7 38
8 26
7 20
4 4
4 77
9 40
10 44
7 55
8 14
1 54
2 39
1 6
7 86
4 44
3 68
4 84
6 95
9 72
2 38
7 15
1 99
7 44
1 51
4 63
6 38
10 63
7 48
3 88
5 43
1 32
5 16
5 57
9 57
10 14
9 60
3 14
1 90
4 90
9 41
4 7
2 76
5 75
9 55
1 23
7 4
10 41
1 94
10 98
9 16
9 9
8 92
9 94
7 41
10 23
3 93
8 26
10 65
2 6
4 72
4 38
10 53
5 11
2 1
1 86
7 93
1 6
9 35
5 2
10 94
3 83
9 23
1 59
7 42
2 5
2 9
1 55
8 92
4 87
1 36
2 72
3 7
6 28
8 90
1 1
1 54
10 58
5 4
3 52
2 1
4 69
5 44
4 4
6 84
2 49
1 70
5 36
1 53
1 25
6 38
3 12
3 9
6 15
6 90
5 47
5 40
9 44
6 32
3 90
10 58
6 46
3 66
6 87
2 19
5 63
4 80
8 58
10 44
8 50
6 61
7 31
7 54
4 56
7 81
1 55
4 22
2 26
4 6
8 29
3 9
7 94
7 70
9 83
6 17
5 92
7 65
5 92
3 94
5 37
3 41
4 74
9 26
10 97
3 92
10 88
1 84
4 8
3 85
10 63
10 5
9 40
6 9
10 71
7 1
4 26
1 30
1 36
4 36
7 86
7 17
10 80
6 46
8 87
8 80
1 17
9 17
8 76
3 45
9 93
8 75
10 72
8 33
5 7
7 5
4 78
7 3
6 13
8 64
2 1
5 28
6 78
6 21
7 19
7 95
6 99
1 41
5 30
3 65
9 38
10 92
2 30
6 57
5 10
2 78
1 26
10 45
9 52
7 85
7 32
8 71
5 18
2 16
6 27
1 6
4 40
6 79
1 65
10 83
2 1
2 20
6 82
9 0
9 14
9 55
8 49
1 18
9 45
8 58
5 56
3 86
5 89
4 30
2 22
3 19
8 52
2 81
9 82
1 79
5 19
8 100
1 39
1 94
1 37
3 81
7 88
5 12
1 42
3 26
1 89
6 100
9 27
1 31
3 59
6 75
8 9
2 91
1 2
10 98
9 63
5 11
3 20
1 41
7 5
2 1
1 81
4 93
5 99
4 45
4 54
10 14
9 74
6 63
9 17
5 56
8 31
3 72
9 5
7 66
8 34
3 78
3 3
5 85
6 35
9 97
4 77
4 74
10 51
1 29
9 88
4 25
10 48
6 13
5 3
6 66
1 34
8 87
4 70
3 59
3 94
7 69
4 39
4 18
6 45
2 11
4 79
3 55
7 52
6 59
2 56
6 66
2 65
3 81
7 67
8 26
4 86
3 15
10 64
10 53
2 8
5 10
7 98
8 84
3 7
2 55
4 3
6 79
5 50
4 43
9 51
2 60
4 23
3 74
8 48
7 33
6 40
2 78
1 32
7 80
4 96
5 51
9 42
2 26
7 33
3 62
1 18
2 79
3 13
8 55
2 20
1 4
9 58
8 92
1 1
4 12
9 74
2 63
2 94
6 63
5 81
2 23
9 19
8 6
7 64
6 42
7 11
8 44
9 21
3 96
5 15
7 56
5 35
8 62
8 77
9 89
3 31
4 17
3 22
6 82
1 36
1 39
2 90
5 16
4 47
1 19
5 49
1 27
10 37
1 21
1 38
6 64
2 9
7 45
8 38
3 81
10 60
4 44
4 16
1 54
10 36
1 20
5 9
3 97
9 36
4 61
10 95
9 18
7 84
4 90
10 15
10 32
4 4
4 97
2 24
1 60
1 69
2 10
2 66
6 37
8 78
5 29
3 70
5 22
5 39
3 79
1 56
4 32
2 64
9 2
9 78
1 35
5 66
2 23
2 88
9 25
5 0
6 92
3 12
7 70
8 35
1 6
6 12
1 69
9 8
8 2
4 5
2 97
5 32
9 71
10 79
3 36
6 23
2 42
5 16
10 33
3 20
5 23
9 84
3 52
8 53
1 15
3 29
5 63
1 75
7 69
1 62
1 32
8 75
5 22
10 26
4 20
6 99
1 7
4 70
8 96
5 21
7 4
6 33
1 8
8 52
5 89
4 10
10 4
9 63
4 7
1 24
6 19
2 82
10 37
7 90
3 62
10 48
8 78
9 65
5 85
9 27
4 65
8 43
3 87
3 12
4 23
3 7
5 15
1 38
8 96
2 1
3 9
10 36
6 26
4 37
6 26
2 19
9 57
10 77
9 80
6 81
2 83
9 77
4 87
7 87
1 44
2 58
5 27
9 63
10 80
5 56
2 27
10 66
7 33
10 55
2 63
3 12
8 67
5 92
9 10
6 16
5 60
6 53
2 4
7 90
8 43
7 51
7 38
10 71
10 55
5 95
4 5
10 5
9 30
2 100
2 93
8 37
8 82
2 2
7 10
4 43
8 55
10 28
2 75
5 36
8 76
3 44
2 41
1 83
4 22
7 91
3 96
8 11
9 98
4 97
5 75
2 35
5 98
10 91
8 13
4 20
1 62
7 92
2 40
5 6
1 5
2 26
6 19
10 5
1 64
9 2
10 8
3 87
1 42
7 27
2 41
3 7
3 94
8 60
10 51
8 33
7 99
2 48
10 9
7 76
7 29
6 14
1 12
10 100
7 17
9 11
3 47
6 64
1 18
4 50
7 5
2 9
4 1
5 77
4 15
6 76
1 19
9 73
2 87
10 15
2 54
10 57
9 95
1 22
9 18
1 87
6 36
1 91
8 34
7 27
5 27
3 87
10 3
5 82
7 11
9 4
4 40
7 59
5 20
3 60
8 22
10 59
10 62
3 94
5 30
4 14
2 24
8 22
3 71
5 2
9 43
10 85
5 80
2 10
7 59
10 0
4 56
4 63
2 95
5 21
7 76
5 93
4 49
2 79
10 63
7 94
8 46
8 49
3 27
9 20
7 88
1 85
2 63
2 76
6 97
5 64
3 42
2 88
4 53
10 49
1 44
2 14
5 64
5 44
2 63
9 87
2 43
8 54
7 3
8 69
1 70
9 54
7 98
8 76
9 46
4 56
4 15
3 32
3 84
3 47
4 89
8 74
2 27
5 78
10 29
2 2
7 27
5 70
9 71
8 43
6 58
9 41
4 89
8 95
8 14
3 81
8 22
10 66
5 68
1 57
5 50
8 49
3 77
9 25
3 61
4 62
10 89
4 41
8 58
5 29
8 17
6 74
3 20
8 46
1 31
9 58
2 7
8 7
8 2
7 45
8 17
6 18
10 2
8 48
2 16
8 83
6 8
6 52
7 31
5 34
4 23
4 22
2 48
5 100
6 80
5 16
8 77
7 23
1 39
3 17
4 100
1 85
2 1
2 91
9 40
7 78
9 68
1 76
3 68
2 51
4 34
2 22
7 75
10 4
1 36
8 66
4 27
2 58
6 75
3 9
5 3
5 42
3 96
6 88
9 36
2 84
5 75
9 77
7 25
5 17
7 8
5 94
3 89
4 59
3 15
6 10
6 69
4 33
8 54
5 20
1 40
6 52
7 4
4 93
2 21
4 8
3 88
1 23
3 53
9 21
4 97
4 94
9 69
5 69
10 70
8 40
9 40
5 93
9 81
9 49
4 35
8 51
3 68
5 4
10 73
9 15
4 1
7 14
9 86
4 34
10 37
8 89
5 67
8 10
3 57
7 25
10 58
5 69
7 77
6 55
10 51
6 89
6 69
4 96
10 67
8 67
10 3
10 50
1 8
8 12
8 23
4 54
9 64
5 48
6 59
9 56
1 20
9 94
4 32
6 10
3 45
9 13
4 93
1 23
8 35
1 4
8 44
10 25
4 1
3 28
1 14
7 64
8 47
3 86
2 3
10 66
10 75
3 75
6 23
7 7
9 49
2 76
5 96
2 60
6 20
9 64
6 21
10 18
5 65
9 81
7 6
7 60
1 71
4 28
1 5
4 32
7 36
8 36
5 77
7 40
1 70
4 44
8 92
2 92
1 71
2 44
7 40
4 20
9 100
3 40
10 78
5 59
7 96
1 90
10 11
4 100
1 31
6 31
2 76
6 12
10 91
10 5
3 61
9 4
2 45
6 78
2 87
9 39
8 60
5 31
1 76
9 45
2 40
9 49
9 33
4 64
2 72
2 92
6 98
2 70
3 28
7 53
6 4
9 79
3 72
8 78
6 95
4 6
7 80
5 79
2 78
5 9
5 59
6 46
5 20
5 90
6 84
10 91
5 0
1 52
1 32
2 42
8 91
9 13
9 8
9 76
2 22
6 20
3 87
4 52
8 52
7 38
9 67
3 41
10 32
3 85
8 68
10 79
2 54
4 33
5 12
1 18
10 92
6 14
9 32
3 96
7 50
7 28
8 10
5 66
9 72
7 31
1 82
4 55
3 27
3 8
9 35
9 11
2 94
2 85
10 79
1 69
2 64
1 93
7 10
3 44
6 28
6 1
3 34
3 54
1 65
8 26
10 27
3 92
4 19
1 19
10 42
6 29
4 67
6 79
7 15
7 15
3 90
3 98
3 23
6 96
5 75
4 67
8 66
4 43
5 45
3 59
5 98
10 18
1 58
5 68
10 62
10 46
1 83
8 97
8 96
9 81
6 78
10 6
10 40
2 71
10 36
1 17
7 83
3 91
10 13
4 8
3 6
2 10
8 18
7 82
2 71
4 86
8 92
10 40
8 64
3 35
1 24
10 46
3 100
9 30
10 76
10 31
7 52
4 54
9 95
6 9
1 5
5 33
8 77
9 85
4 75
4 62
1 69
6 37
1 28
7 50
5 16
3 2
3 68
8 24
2 16
9 27
2 12
5 90
6 14
1 48
9 82
7 77
9 41
2 37
9 11
6 7
6 15
1 33
4 48
9 8
2 20
10 22
5 73
6 40
1 98
4 36
7 16
5 26
9 6
3 31
4 6
7 98
3 57
8 94
3 95
7 80
10 58
2 88
8 8
3 94
8 82
4 35
5 95
1 66
2 38
8 64
8 83
10 60
8 98
10 13
2 32
5 94
10 21
1 15
4 71
2 9
1 44
7 16
2 2
6 83
6 34
3 2
9 92
3 45
5 82
1 17
7 66
5 53
8 58
9 69
7 22
1 18
1 98
2 29
3 22
5 81
7 41
9 87
10 22
2 76
8 3
8 63
7 80
6 77
1 6
2 72
2 61
6 72
9 85
6 48
5 26
3 96
7 53
7 25
7 17
1 65
5 39
1 47
10 39
5 97
3 100
3 81
2 47
10 91
3 41
6 45
2 46
2 71
3 56
10 26
3 20
2 31
6 19
8 20
9 56
4 68
6 86
5 45
3 67
4 4
8 1
9 48
6 44
8 37
6 65
8 89
9 90
4 25
9 21
3 75
8 13
8 84
6 77
8 89
4 39
8 74
6 60
7 61
3 73
2 83
10 13
6 64
10 47
2 46
8 73
1 11
9 25
3 38
10 81
10 87
10 79
10 3
3 8
5 31
10 45
2 86
3 48
6 70
10 61
7 80
2 46
1 26
10 26
9 75
9 61
9 37
6 100
10 0
8 51
8 4
4 9
5 9
6 44
8 68
7 91
2 7
5 83
2 6
8 5
6 98
8 16
4 72
1 19
6 20
4 16
10 98
5 91
6 40
5 68
2 9
1 93
7 67
1 33
2 93
7 14
6 51
10 13
2 64
6 52
2 57
1 16
7 8
8 61
10 4
7 4
6 61
2 18
7 24
7 70
7 27
10 81
2 7
3 14
2 14
10 71
8 37
7 72
10 12
1 24
5 40
3 85
6 5
7 6
7 10
8 53
7 47
3 14
3 20
10 52
3 2
1 27
7 15
7 92
2 73
3 51
4 23
2 38
7 8
10 11
2 40
4 17
10 98
4 37
1 28
9 52
5 81
8 28
2 58
6 88
6 21
3 28
10 80
6 21
9 59
7 88
8 44
3 35
8 82
7 57
9 56
1 24
1 23
3 9
9 83
5 1
6 22
4 61
8 2
6 53
8 99
6 85
6 28
8 22
9 46
7 45
3 51
2 24
4 2
3 31
5 50
9 58
2 95
2 80
7 49
5 13
7 77
5 16
3 15
7 54
10 32
4 93
8 59
7 48
10 57
10 35
3 21
9 5
9 54
5 69
10 52
7 56
10 99
5 53
2 88
9 99
7 45
3 83
4 9
6 36
1 98
8 8
1 87
9 100
4 31
4 30
2 40
2 23
4 51
2 35
2 54
9 33
9 2
1 43
7 1
9 86
1 73
1 48
1 47
1 8
8 44
8 76
1 55
1 67
1 2
6 69
4 14
1 84
9 42
1 40
7 40
10 73
1 75
1 99
3 93
1 31
5 8
6 75
5 18
9 45
5 81
9 0
7 28
6 64
4 34
1 51
3 97
8 89
3 38
10 88
1 63
8 65
4 42
9 89
3 44
2 36
3 78
8 65
5 32
10 20
8 65
6 24
5 19
9 86
3 21
2 78
4 58
5 87
5 49
3 42
4 0
6 2
7 5
2 91
7 84
6 48
10 64
4 65
3 0
4 47
1 45
1 14
6 29
3 44
5 16
10 14
3 35
4 8
7 86
10 84
10 79
4 25
4 19
1 49
5 1
5 79
5 34
6 91
8 62
7 35
1 86
3 10
10 100
5 91
3 91
6 73
5 31
5 56
8 32
9 68
8 45
8 28
7 79
9 84
1 68
5 43
1 76
10 100
1 41
2 13
9 72
2 90
6 38
10 30
5 61
5 68
10 28
1 7
2 20
4 1
7 39
8 75
6 33
9 20
6 29
4 3
1 33
4 73
8 83
10 47
5 22
7 6
9 70
10 53
4 58
6 2
10 28
10 65
7 32
9 58
3 100
3 21
8 87
8 98
10 23
6 72
3 92
9 46
5 28
4 53
4 45
5 100
10 88
4 28
4 14
7 89
10 8
7 9
8 7
3 62
1 73
1 39
1 31
2 62
4 97
1 92
3 46
3 36
4 96
6 90
5 31
4 17
6 53
9 18
2 2
10 70
3 66
7 24
2 45
10 71
1 37
5 59
4 37
5 65
3 44
4 88
10 22
9 12
3 37
10 84
8 22
3 34
3 67
7 19
8 0
3 93
10 89
3 31
1 14
10 39
4 12
3 31
4 26
5 5
6 24
1 11
5 15
3 48
3 86
8 6
10 0
2 18
6 73
5 95
2 46
8 46
4 69
9 0
10 35
6 75
9 17
7 94
3 61
4 34
4 33
5 58
1 0
8 29
3 4
1 54
8 0
7 41
3 68
1 50
10 45
9 78
9 85
9 94
4 39
8 24
7 87
2 91
9 0
10 94
9 34
8 61
6 48
2 43
8 26
1 77
6 31
1 41
3 34
5 92
7 37
5 42
2 11
1 79
4 27
7 72
4 41
3 88
9 46
8 48
10 53
5 100
4 99
10 37
7 65
2 77
2 15
3 2
5 4
3 19
1 37
9 18
1 20
10 46
1 19
9 32
5 25
7 80
8 76
8 34
6 27
3 41
5 57
5 99
9 51
9 8
4 26
6 10
3 21
6 100
7 63
6 63
7 61
7 28
9 52
10 42
7 43
2 55
8 39
7 72
3 57
3 26
1 85
3 83
1 15
6 56
4 18
1 57
4 31
10 81
8 60
8 0
5 50
3 55
4 6
4 79
7 61
9 3
6 76
3 85
6 9
4 77
8 32
2 77
8 2
4 7
1 83
3 59
8 52
3 60
9 90
5 27
6 86
8 44
7 23
7 37
2 67
6 94
2 0
4 13
1 92
8 40
7 28
3 76
9 43
8 27
3 90
9 65
2 55
9 14
3 93
3 87
3 51
1 63
6 77
6 37
10 71
5 64
8 17
4 36
9 93
9 34
1 70
3 41
9 42
4 10
3 6
8 20
5 10
10 72
5 12
7 100
10 39
3 70
4 58
6 92
2 72
10 66
8 90
8 59
9 69
6 82
10 94
10 3
2 8
1 42
8 73
4 84
5 47
4 98
1 49
1 85
4 63
10 8
5 26
3 10
1 46
2 83
6 8
9 63
10 60
6 49
4 73
7 57
10 14
1 47
6 56
3 59
5 63
3 59
3 99
5 41
4 87
4 26
10 57
7 91
9 71
10 54
6 17
6 69
4 39
6 26
6 25
7 52
7 16
6 91
2 70
9 99
9 4
7 14
2 11
1 53
3 41
4 33
5 4
6 17
6 77
4 83
7 8
5 86
8 50
9 3
8 81
3 84
10 96
10 10
7 77
4 88
4 58
9 17
7 52
10 46
5 57
4 67
6 80
4 60
10 63
4 68
8 56
8 73
10 23
7 88
10 9
6 20
4 2
4 36
3 49
2 35
8 75
5 68
10 65
1 90
3 99
7 68
1 22
1 56
3 13
9 47
5 64
7 9
5 30
5 31
5 96
1 79
7 9
5 93
8 27
3 0
2 40
3 75
3 84
7 22
9 69
6 66
9 38
6 71
4 49
6 45
4 4
10 37
5 11
6 98
3 41
2 43
3 73
9 4
5 24
5 60
4 34
8 85
5 27
5 5
7 7
4 24
1 3
10 64
5 86
8 77
4 9
1 6
1 66
9 84
7 10
1 56
10 25
9 0
3 54
2 35
3 1
3 62
7 36
3 72
2 7
5 31
9 42
6 40
1 61
4 91
4 52
6 19
10 97
4 20
2 86
10 11
10 92
1 54
10 3
4 57
8 100
10 95
3 39
6 28
2 16
4 64
4 60
10 63
3 100
7 96
9 87
2 45
5 19
10 87
4 21
5 25
4 26
1 63
3 68
1 29
4 59
7 89
10 58
9 27
5 32
4 37
5 93
7 65
7 78
3 86
3 78
6 87
5 17
10 64
7 59
9 16
8 21
3 1
10 92
9 68
6 62
10 22
8 9
7 81
9 8
10 58
2 59
8 34
3 29
9 46
4 57
9 36
8 100
6 42
7 25
8 26
6 65
8 55
10 2
10 78
7 85
1 61
1 12
3 68
3 87
1 26
1 77
6 86
5 52
10 58
9 84
2 29
3 24
10 99
7 53
9 37
4 38
6 62
1 13
7 37
5 32
4 16
9 84
9 62
8 40
10 73
3 46
8 34
4 43
8 51
8 18
1 75
3 42
9 0
5 57
9 100
10 63
1 22
6 8
7 35
4 66
6 19
3 0
7 61
4 67
10 50
9 16
7 56
2 22
2 96
7 88
4 50
2 16
2 81
3 73
7 82
6 17
9 51
2 92
9 86
2 92
6 85
10 88
10 78
6 37
8 36
1 66
6 5
6 86
10 65
2 97
2 87
3 97
9 78
10 17
2 25
1 34
3 46
10 60
1 97
1 1
6 37
7 22
8 8
6 36
4 41
7 97
7 44
4 45
9 27
1 51
8 34
3 61
1 47
2 66
5 66
5 96
10 61
5 89
6 67
6 96
1 82
6 16
9 12
10 93
2 33
9 21
5 30
3 19
3 54
2 75
9 26
3 26
5 95
9 100
8 28
2 8
1 47
10 93
8 1
6 45
7 49
8 41
6 93
3 44
1 87
3 36
9 95
10 65
1 69
9 56
5 2
7 77
8 31
1 56
4 43
3 44
4 87
5 64
8 99
8 57
4 21
7 92
3 94
8 0
10 44
4 17
3 14
5 90
1 96
3 3
2 91
9 9
9 87
4 65
10 49
1 21
6 24
9 2
6 46
8 7
4 66
2 77
9 10
9 26
8 75
8 68
3 41
4 90
9 98
10 72
1 3
8 19
1 8
3 68
2 20
7 91
5 15
3 10
2 62
4 57
2 76
8 91
1 33
4 74
8 74
5 92
7 53
4 19
6 82
3 61
9 28
6 85
10 20
9 8
4 100
3 10
7 85
2 72
7 91
5 34
10 40
8 68
8 78
5 75
10 58
9 82
2 75
10 42
7 1
6 74
6 28
1 92
10 18
1 32
3 81
10 70
5 54
8 72
4 55
6 31
4 13
10 30
2 51
10 30
5 15
4 78
3 23
7 71
2 64
8 87
10 99
7 5
1 85
8 6
5 61
1 14
8 49
3 53
6 31
4 99
8 19
9 98
9 3
6 95
6 68
1 93
10 56
5 98
3 74
6 49
10 25
3 66
9 75
4 57
2 30
3 98
10 37
6 81
7 75
9 61
5 30
4 26
1 5
8 13
10 66
2 28
3 34
2 62
4 57
1 36
8 43
1 73
6 17
3 71
3 97
6 35
7 10
6 68
10 11
9 91
9 13
10 34
9 22
4 90
6 1
4 71
2 63
10 93
10 54
10 10
4 71
9 88
9 90
8 17
4 20
9 53
6 67
4 21
10 39
1 29
3 51
2 93
2 80
3 76
1 27
4 15
5 96
9 32
3 41
2 35
6 29
3 65
2 92
8 83
6 52
10 76
2 64
2 74
10 85
6 63
3 0
10 17
4 41
7 44
6 4
5 3
7 6
5 83
2 65
6 100
6 86
8 52
10 26
4 52
1 15
8 86
9 61
9 84
2 24
9 55
10 89
6 73
6 28
2 25
3 64
10 25
5 98
1 2
2 84
3 4
5 32
9 52
2 67
7 56
9 81
5 85
3 42
3 77
5 41
10 0
4 9
2 4
5 37
6 52
1 81
6 97
1 38
6 56
4 81
1 50
1 9
4 15
2 59
3 91
9 3
7 36
10 7
3 68
3 94
5 54
9 78
7 44
3 88
10 85
2 40
10 38
10 8
6 78
10 39
8 81
5 86
9 14
1 58
9 19
10 67
5 38
2 53
6 55
3 87
8 10
9 93
1 51
2 50
7 10
1 60
10 55
4 58
1 82
5 29
4 64
7 70
7 96
2 1
9 63
1 54
2 45
1 73
2 58
10 90
4 21
6 32
4 41
2 38
4 86
9 15
9 89
9 53
9 46
4 80
2 41
7 76
9 6
8 1
6 39
7 43
4 29
6 40
2 95
5 61
9 92
2 64
1 35
10 3
6 87
2 52
2 71
9 45
2 54
3 90
8 39
7 14
10 25
7 18
9 69
5 13
7 29
2 88
3 43
9 41
2 22
1 55
9 30
3 28
2 73
9 28
3 59
9 47
2 58
2 74
4 78
3 23
9 97
1 100
5 38
1 52
5 9
6 61
10 86
7 94
1 57
6 21
3 0
5 80
6 58
7 80
5 89
4 41
8 85
9 82
4 63
6 93
2 9
1 33
10 5
8 16
2 82
4 14
4 40
3 75
9 0
5 77
7 84
10 97
7 55
6 83
3 35
6 10
5 86
3 45
7 28
2 44
10 55
8 0
2 6
5 25
4 17
9 18
1 63
3 48
10 18
10 49
6 84
9 10
4 49
9 99
10 16
3 74
1 96
4 50
10 47
5 28
3 50
3 52
1 86
10 45
8 3
3 39
5 45
2 98
7 92
9 10
10 0
8 9
7 45
10 0
10 99
4 53
5 98
3 88
7 49
1 69
10 88
1 85
4 0
9 73
7 13
5 94
9 60
4 0
2 11
7 6
3 63
9 54
1 6
5 67
10 17
10 88
5 8
7 62
1 6
7 40
3 72
4 77
4 21
1 62
5 89
1 88
1 56
7 92
8 8
2 59
3 17
6 72
4 25
8 28
10 25
7 44
9 11
3 86
1 26
2 27
5 8
6 56
10 27
8 2
4 91
1 65
2 86
6 61
6 55
10 76
4 24
1 57
4 7
8 4
1 56
9 59
7 82
7 16
8 16
7 47
2 80
10 43
9 95
7 50
10 88
5 65
9 30
5 81
9 23
4 21
9 81
1 90
9 20
5 22
9 68
5 86
6 75
8 35
3 55
3 44
9 18
6 0
1 41
10 78
10 24
4 32
1 89
9 15
9 94
6 35
5 63
6 100
1 55
5 26
3 61
7 73
1 75
1 42
4 48
3 77
5 73
1 60
7 66
8 96
1 76
7 32
5 64
6 22
10 45
3 45
2 84
2 19
7 40
4 28
1 18
8 89
8 20
3 9
1 42
1 67
10 42
6 76
5 83
10 96
7 24
1 81
1 26
10 16
4 97
8 89
3 78
6 49
10 68
3 73
8 70
4 3
9 30
8 30
7 70
4 92
5 16
4 59
8 10
2 31
3 92
2 19
9 33
10 18
8 4
1 89
10 22
8 31
3 80
8 43
10 16
6 51
4 99
9 82
5 87
5 28
9 30
4 23
2 65
4 55
3 70
5 4
3 71
8 87
5 28
3 77
4 57
8 95
9 44
6 37
8 77
5 77
10 87
7 63
5 12
1 18
10 31
3 72
8 30
7 2
6 77
5 76
3 50
8 15
9 17
4 59
9 85
7 47
6 79
9 24
5 16
10 56
4 67
3 85
6 75
4 47
4 75
2 93
2 10
2 54
8 71
1 47
6 19
4 67
9 17
10 66
2 20
7 40
10 73
9 45
1 23
8 83
7 39
9 49
1 14
10 29
9 6
7 45
2 54
1 24
10 58
10 3
5 41
10 63
8 76
4 43
10 61
8 73
8 55
1 16
8 68
4 48
1 63
5 16
10 15
8 37
9 17
3 42
9 2
4 96
5 69
10 27
8 31
7 58
5 26
9 58
6 92
9 41
8 60
2 8
1 38
9 78
7 9
9 66
7 75
4 64
10 40
3 39
7 93
4 60
4 91
1 11
2 79
9 8
5 87
4 58
2 51
6 46
5 12
2 52
2 75
1 9
10 44
8 91
7 17
7 100
10 98
5 14
5 35
5 84
4 45
3 75
3 21
2 62
9 8
9 41
4 35
4 35
6 28
9 37
9 96
9 78
4 48
4 60
7 100
2 5
6 8
5 98
7 59
3 25
3 17
2 89
9 58
1 63
6 55
5 99
4 82
1 70
4 80
3 75
3 5
7 48
1 16
8 97
9 97
3 7
10 0
3 50
5 95
3 67
6 51
5 27
1 19
6 64
6 59
4 99
6 28
8 6
1 37
6 72
7 72
6 58
5 56
2 88
2 36
8 33
7 85
3 71
2 72
7 87
9 64
7 87
3 63
6 64
5 21
9 36
9 78
1 25
9 58
10 4
3 36
7 42
9 24
6 30
10 17
3 40
9 61
4 4
5 39
1 34
9 73
3 59
5 7
8 51
4 100
2 85
2 26
10 94
9 96
8 85
9 41
3 67
1 98
7 27
10 80
1 14
3 95
9 3
3 42
6 0
10 89
8 66
1 30
8 31
5 75
2 60
1 59
8 80
5 57
9 53
10 95
3 13
4 80
10 91
2 87
2 13
3 67
1 45
8 76
2 10
8 32
1 63
9 5
10 47
6 91
2 37
5 36
2 81
3 23
1 18
8 28
10 94
4 70
3 73
9 51
8 93
8 91
5 89
2 92
5 19
5 92
2 2
6 86
8 43
4 32
9 85
7 72
8 34
4 14
9 65
10 71
7 87
8 34
8 74
4 2
7 34
7 13
5 20
9 35
5 83
7 23
3 9
9 87
3 99
5 82
2 90
1 0
9 95
1 61
2 26
1 92
6 18
6 45
8 87
7 47
4 21
2 17
5 99
5 41
8 23
7 63
4 55
1 24
1 56
8 93
9 89
6 9
7 75
5 7
4 19
3 82
2 83
7 56
6 9
5 20
9 50
4 70
2 29
10 9
4 94
7 91
1 83
4 50
1 0
9 91
3 27
4 26
1 4
4 28
3 70
2 13
3 63
5 54
4 51
2 24
7 31
2 82
6 38
1 12
2 27
8 41
5 89
2 14
7 57
1 92
1 52
2 59
7 22
9 86
4 56
4 49
6 6
9 45
8 45
9 44
5 12
3 33
4 15
2 48
4 34
6 95
1 93
2 48
7 43
3 17
1 22
9 87
7 38
10 68
1 43
10 11
2 12
10 59
3 35
8 69
8 79
1 18
3 1
3 62
7 52
2 17
7 7
3 75
6 20
2 85
5 75
5 67
7 79
9 88
5 9
9 15
9 12
1 37
9 69
3 47
5 20
5 32
1 54
10 6
6 8
10 63
9 31
6 22
8 94
10 96
8 82
2 99
4 86
9 91
10 49
9 25
5 17
2 92
2 9
2 45
10 16
7 40
6 88
4 67
7 34
4 4
2 20
4 43
5 1
1 57
4 93
9 24
6 58
4 76
9 74
8 85
5 18
2 4
9 95
9 69
7 31
10 65
2 98
6 5
7 1
7 16
3 43
9 43
1 41
6 93
8 41
5 86
3 40
6 51
2 15
8 67
1 66
3 17
3 11
10 17
7 32
7 86
2 97
10 6
5 28
4 47
1 66
3 65
10 72
1 73
10 10
8 27
10 85
3 59
1 61
5 90
2 4
10 45
5 91
9 6
7 1
8 11
3 49
4 9
5 69
9 69
8 99
9 34
10 11
2 8
2 69
6 45
7 57
8 55
9 42
3 63
6 57
5 53
1 52
10 28
7 58
3 22
6 2
1 97
6 58
6 6
10 23
3 69
8 78
10 1
10 68
1 44
6 94
3 8
3 74
8 19
4 42
2 83
5 87
8 73
7 20
2 17
6 81
4 61
6 24
2 87
5 7
3 22
10 13
7 29
1 50
5 7
5 57
5 60
2 26
1 71
8 58
2 47
3 23
9 96
7 56
2 40
1 87
10 25
5 40
2 72
3 66
3 59
4 38
7 7
5 27
5 7
2 43
6 38
2 87
1 50
8 45
3 81
10 3
8 63
5 99
1 91
4 72
1 40
6 64
1 23
8 27
10 44
10 42
8 7
1 89
3 85
5 87
4 10
4 97
4 29
7 95
8 62
3 22
6 65
8 30
7 12
8 47
2 15
8 2
2 41
4 48
4 55
5 44
6 14
5 65
6 64
3 0
4 32
4 38
7 90
3 28
3 26
7 44
6 44
10 48
4 32
3 94
10 21
4 8
1 68
10 22
10 80
8 88
6 40
6 80
5 68
4 50
4 88
9 73
1 33
9 80
3 55
5 75
10 24
1 64
10 21
8 45
9 11
5 68
8 85
10 61
1 95
5 1
1 30
10 11
4 48
2 19
6 5
8 95
7 74
8 28
2 26
1 46
3 72
5 64
5 39
3 23
3 44
10 95
6 30
8 80
1 87
6 30
9 11
6 15
5 64
3 11
8 12
6 80
1 28
6 70
4 46
9 84
7 59
4 91
8 75
1 18
1 90
10 47
9 85
3 16
8 44
2 0
3 92
8 51
7 68
6 20
1 52
7 100
5 55
1 16
10 41
8 75
6 24
3 47
5 12
3 100
8 87
4 56
2 69
4 35
7 38
7 81
8 49
3 17
4 47
8 60
4 53
2 58
1 29
9 73
4 85
8 95
5 14
6 19
8 50
10 93
4 91
3 86
9 37
4 5
9 38
4 76
4 52
10 43
8 8
2 39
1 4
3 88
3 13
6 95
10 38
2 82
1 89
10 94
1 86
10 10
4 35
8 4
1 81
2 3
4 28
7 39
1 72
3 93
5 0
3 23
2 75
9 98
5 77
8 28
6 17
7 26
8 89
5 4
8 2
6 69
1 65
7 97
9 31
6 92
6 91
6 2
8 22
10 45
10 81
4 45
4 93
6 46
8 64
9 25
3 75
3 29
10 81
5 1
6 0
4 86
10 52
8 75
1 100
8 71
5 28
4 26
3 21
7 31
4 56
4 41
8 54
5 12
6 96
8 24
2 42
5 37
1 6
9 100
9 26
4 99
1 46
2 69
2 8
10 77
1 86
9 73
8 35
8 1
4 84
8 41
1 91
5 86
4 91
5 48
6 92
6 94
7 77
1 39
1 95
3 7
9 28
4 46
10 66
1 61
3 75
3 86
7 21
2 60
10 11
2 11
9 26
4 78
2 29
10 8
2 86
1 98
2 45
3 80
2 44
8 87
2 63
4 10
9 54
7 74
3 73
8 22
2 90
10 56
3 89
5 57
3 31
1 49
1 73
8 44
4 45
9 13
4 7
2 98
10 47
2 23
4 67
10 54
8 71
2 96
1 15
3 89
3 18
3 16
9 18
5 21
2 100
8 45
5 78
6 48
5 82
9 71
3 79
7 88
9 5
2 91
8 71
2 91
2 11
5 93
3 98
5 28
1 22
3 13
2 56
10 35
7 19
6 63
3 39
9 57
4 83
4 26
3 21
8 37
9 67
5 48
8 55
1 80
7 77
9 39
8 56
1 91
8 7
9 14
5 44
5 40
9 37
5 39
4 26
8 87
10 61
9 47
8 98
6 41
10 35
6 66
3 3
4 51
2 12
9 48
6 65
2 0
2 52
9 74
7 12
1 16
8 5
9 11
3 98
7 33
5 40
9 8
5 73
3 93
3 14
4 83
8 95
2 1
3 15
3 78
1 48
1 43
1 36
10 58
4 75
4 9
1 56
9 100
2 52
3 31
9 26
6 31
8 50
6 47
8 4
8 84
2 26
8 91
3 72
8 69
4 82
8 42
3 92
6 79
3 83
4 44
7 39
4 33
9 70
5 18
9 40
7 99
10 27
5 75
3 82
7 19
7 24
7 45
4 31
9 71
4 98
5 46
1 72
10 24
5 53
4 4
5 72
2 83
3 45
7 1
1 13
3 84
8 47
10 30
3 89
9 71
7 5
8 22
1 80
5 75
2 5
5 24
7 95
5 57
4 72
7 2
2 3
10 27
2 35
2 11
10 74
10 45
7 82
7 1
4 24
6 18
10 15
8 11
5 52
3 9
7 22
5 54
1 1
2 8
1 55
3 4
1 3
4 63
3 92
5 1
7 49
4 71
7 86
5 64
3 63
9 70
2 43
6 63
7 42
3 65
10 81
10 91
8 61
2 28
1 6
9 82
1 24
5 14
9 7
8 82
10 72
7 51
6 89
7 98
4 92
8 25
8 58
2 36
4 69
5 56
7 81
4 21
10 36
7 27
6 61
9 47
6 12
3 69
5 24
6 57
8 11
5 50
9 80
3 43
5 98
9 15
5 87
2 9
2 26
7 64
9 78
6 84
9 35
9 69
2 80
7 21
10 84
5 23
7 31
9 20
4 95
4 53
9 29
7 1
9 70
9 0
6 77
8 60
10 61
3 40
10 91
9 75
4 64
5 29
8 19
2 34
8 100
4 98
6 67
3 60
8 20
9 16
7 9
9 82
2 93
1 93
3 98
2 67
4 84
7 9
8 0
10 52
8 22
6 22
6 33
10 68
2 33
1 58
2 32
2 78
8 71
2 81
5 53
5 34
9 26
3 7
6 49
1 72
10 45
9 20
8 67
1 4
4 84
9 58
1 60
3 41
4 95
9 100
6 24
3 59
3 19
5 86
7 56
6 11
3 100
3 36
1 64
1 59
2 83
6 96
7 48
7 59
7 19
5 45
10 18
9 99
8 65
2 28
3 15
6 34
1 60
6 25
1 79
6 58
5 12
4 27
10 7
1 37
9 51
6 75
3 71
6 80
9 97
4 41
7 77
3 91
2 59
8 62
5 44
4 15
2 36
5 45
9 10
2 59
5 38
7 1
6 25
1 9
8 52
2 55
8 21
2 79
1 80
5 94
10 72
6 76
10 82
9 100
5 49
7 0
4 39
2 57
7 15
10 40
5 2
4 3
5 3
8 15
3 21
9 73
6 0
8 66
6 55
8 41
8 48
2 74
3 27
1 17
9 0
8 79
5 99
9 45
5 94
4 16
5 48
1 1
4 49
7 74
6 29
7 21
8 20
4 8
7 57
3 66
9 90
1 28
8 14
2 51
2 37
2 26
6 88
6 52
3 99
1 90
7 31
7 95
6 72
5 78
5 70
2 94
4 89
9 23
3 48
10 31
7 45
8 40
10 98
9 53
7 36
5 85
4 71
5 80
6 17
10 3
2 7
6 15
2 81
4 98
10 89
1 96
6 47
5 42
9 55
1 5
6 26
1 24
3 28
8 75
6 2
9 9
8 87
4 22
10 84
10 28
7 17
5 14
9 22
7 30
8 74
10 45
4 61
10 81
8 52
2 59
6 48
4 37
5 97
5 72
5 40
3 83
5 1
10 86
3 9
2 22
7 51
7 98
10 98
5 4
9 76
1 57
4 93
7 74
7 79
5 49
9 88
2 6
1 22
7 54
2 31
2 93
5 5
5 44
9 27
7 71
6 79
8 67
7 89
8 76
7 76
5 82
9 48
8 38
10 89
2 19
4 88
10 48
5 20
8 67
3 91
1 87
3 6
8 71
10 11
4 39
9 38
3 79
1 14
2 60
7 33
7 21
3 43
3 3
10 91
5 59
5 93
6 18
8 51
7 20
6 18
6 10
2 41
4 89
4 21
8 80
10 49
4 86
8 45
6 24
7 21
9 59
5 18
7 61
6 80
3 33
9 83
3 47
2 4
8 67
4 69
8 25
10 1
2 10
5 99
10 3
4 33
4 12
10 19
1 87
7 94
7 54
5 89
3 66
3 51
4 68
7 46
7 46
9 28
1 87
9 87
3 13
4 71
6 1
10 82
6 65
7 40
9 30
10 66
5 88
2 8
10 44
9 25
4 95
1 86
6 91
2 19
4 41
5 98
5 2
7 53
9 33
9 91
9 4
1 96
5 74
8 53
1 5
2 22
6 28
6 5
1 12
6 31
10 13
2 71
9 44
2 59
1 19
8 28
10 95
5 14
7 4
7 62
5 17
9 5
10 45
1 22
10 2
8 53
8 0
9 52
7 62
8 100
3 3
7 52
9 88
4 15
10 85
9 18
6 60
9 61
10 11
9 33
9 23
10 30
1 61
8 1
7 5
9 92
6 65
3 43
8 35
7 96
6 38
9 68
10 66
7 99
5 73
9 29
5 42
8 53
7 42
1 44
10 89
1 63
3 95
6 3
5 57
10 24
3 83
7 50
7 30
5 86
8 3
7 38
5 59
5 14
3 53
4 87
4 44
7 16
4 7
6 63
2 43
5 9
4 58
10 48
9 76
10 38
8 18
2 50
2 67
3 66
4 6
10 79
7 49
4 84
3 18
7 94
3 46
2 31
9 39
1 66
8 84
10 71
9 81
4 59
1 6
1 14
7 5
7 48
4 41
10 85
4 4
8 39
4 95
8 91
3 69
3 100
3 64
4 51
10 21
3 89
8 41
8 78
7 17
10 58
9 66
5 24
9 27
5 55
8 85
5 95
3 82
7 62
6 63
2 92
6 80
6 61
4 72
6 100
6 81
4 95
6 60
7 16
2 19
7 58
2 55
5 49
4 41
1 12
5 27
3 84
6 83
2 69
2 22
9 66
8 37
2 1
6 73
1 18
2 2
7 11
7 25
6 34
9 29
4 30
8 64
9 27
3 94
9 16
4 68
8 87
4 18
4 71
10 11
2 52
4 15
9 87
3 49
10 75
4 58
5 60
5 43
1 73
7 6
8 19
4 84
10 41
5 28
5 55
5 77
3 50
6 100
6 22
10 92
6 50
2 7
5 68
3 91
2 90
3 51
10 54
2 72
1 65
8 6
4 24
3 47
4 57
10 73
2 40
8 79
1 63
2 42
7 58
6 82
6 54
2 83
6 71
6 34
3 32
9 56
3 87
2 85
7 97
6 55
7 45
8 2
1 81
9 67
1 11
5 92
3 48
8 22
7 73
3 24
4 42
2 0
6 67
4 18
10 55
10 93
3 27
2 0
3 94
3 34
10 59
4 55
4 74
6 23
5 87
2 5
4 40
1 81
10 23
3 74
2 42
3 86
4 33
6 46
3 12
5 53
5 59
8 42
6 85
1 21
9 95
7 51
10 54
3 32
8 64
9 63
7 48
8 86
9 55
7 34
8 61
8 41
2 16
1 66
10 21
2 0
8 99
7 67
5 58
1 62
8 81
6 51
7 79
1 88
9 85
7 39
3 16
7 33
7 56
1 77
9 34
5 95
9 81
4 37
9 20
1 57
1 5
1 66
5 7
3 9
7 22
9 36
5 63
9 48
4 24
7 37
1 92
2 76
10 91
9 51
6 24
10 15
2 16
6 58
8 21
8 48
9 17
9 96
1 19
10 79
8 8
1 82
1 91
3 74
4 75
10 33
4 24
6 3
1 73
4 85
4 74
1 50
4 30
6 71
9 46
3 13
1 52
1 86
6 70
5 25
3 64
7 57
5 48
1 99
8 67
4 72
10 48
3 51
8 41
3 82
3 46
10 60
7 10
4 76
4 33
3 73
8 35
2 37
7 71
7 8
6 89
10 80
10 79
9 31
8 45
6 33
2 77
4 25
6 97
7 68
8 50
7 97
10 85
4 48
7 47
7 93
2 87
1 14
5 81
3 89
6 41
4 84
10 28
3 90
10 32
5 25
3 14
9 73
3 42
4 5
8 9
7 77
3 47
3 95
3 0
2 41
5 21
3 54
6 19
5 26
5 54
4 41
3 10
8 9
3 62
9 69
1 15
5 91
7 67
9 41
8 75
3 23
1 77
6 19
7 80
6 46
5 90
6 92
6 78
10 86
4 4
4 23
2 15
9 30
5 49
10 100
7 48
10 79
8 13
8 81
8 6
4 11
6 9
6 15
9 31
2 11
5 7
2 41
6 11
8 32
2 8
5 17
9 91
3 90
8 81
7 65
2 87
10 62
8 16
5 35
1 29
3 86
6 13
3 10
10 36
6 89
2 27
6 72
8 78
2 4
9 5
10 3
4 26
5 22
10 26
9 61
6 42
10 92
7 9
3 31
4 62
5 32
7 31
5 39
7 3
9 16
3 79
9 59
2 43
10 53
8 97
5 58
5 68
1 98
3 93
6 77
4 17
7 11
2 94
7 96
9 83
7 15
1 44
7 7
4 61
1 42
9 84
6 4
7 35
8 7
2 64
2 61
10 19
6 72
3 91
9 74
1 20
4 28
10 91
7 68
4 13
3 66
5 22
5 70
6 38
7 94
7 91
4 53
7 55
10 54
8 79
5 28
6 58
10 3
5 10
5 100
7 20
4 57
7 75
1 12
3 79
5 38
7 1
4 6
5 80
3 18
5 87
9 78
5 34
5 48
5 41
8 30
9 34
3 70
3 96
4 31
9 19
1 70
8 33
2 19
4 53
9 61
9 86
5 57
7 96
2 34
9 47
3 4
9 41
3 11
8 100
6 94
1 84
1 62
4 0
8 33
4 55
8 2
4 11
2 9
6 84
8 42
4 82
4 16
1 50
2 59
10 7
10 94
5 73
2 62
3 95
9 58
2 67
2 81
7 87
9 48
4 51
1 50
7 6
2 37
9 17
10 43
3 81
6 51
5 87
8 0
3 69
8 72
8 86
2 78
8 81
8 17
3 65
7 59
8 95
3 94
8 95
5 58
1 21
6 53
8 83
4 31
10 37
9 85
4 97
2 81
8 41
8 86
4 17
3 50
2 64
1 8
6 9
5 60
9 94
4 28
10 61
10 69
10 89
9 59
8 98
6 47
2 70
4 13
10 14
5 67
5 39
8 56
10 77
10 97
8 100
9 16
6 28
4 26
4 8
1 45
10 79
5 41
9 69
7 81
5 46
9 45
3 45
1 91
4 43
9 44
2 72
6 27
10 97
2 90
9 94
6 39
7 60
10 7
1 6
8 33
6 20
3 94
8 49
1 65
10 72
3 45
8 86
8 47
8 3
5 41
3 7
3 98
7 39
5 69
1 80
2 100
3 90
5 58
4 81
3 2
8 60
9 89
1 36
9 100
3 73
6 91
7 64
1 61
9 38
8 14
5 45
7 71
5 24
8 61
6 63
7 89
7 17
10 87
4 13
8 23
6 60
1 100
9 26
1 2
10 98
5 54
7 18
2 55
1 53
7 78
3 74
6 78
4 4
10 1
10 56
5 65
9 87
8 57
6 8
7 95
5 62
3 82
10 2
1 3
10 70
10 69
1 5
7 53
8 62
3 81
2 73
9 4
5 25
6 30
5 100
5 44
5 82
8 49
10 44
3 72
8 98
10 94
1 0
3 49
3 71
8 28
4 53
7 99
3 67
3 37
9 32
5 75
4 5
4 9
4 73
1 65
6 66
10 97
9 50
2 83
3 15
4 95
5 52
8 11
9 50
8 86
4 14
7 29
6 97
4 48
9 83
2 7
6 8
3 11
8 88
5 20
6 44
4 19
10 45
7 56
7 11
8 77
5 12
4 80
8 38
6 29
8 71
6 48
7 56
7 0
5 15
6 22
4 83
9 42
6 41
9 92
5 5
6 84
6 16
4 50
8 86
6 82
9 42
7 73
9 83
1 31
8 47
5 45
4 76
10 59
8 6
1 4
3 54
1 37
2 31
3 36
9 32
7 15
7 99
8 49
6 3
10 28
3 23
8 70
7 58
8 24
1 29
1 35
5 19
8 55
9 68
3 72
6 31
8 87
3 4
1 66
10 58
9 64
8 93
7 6
2 28
10 55
5 8
5 44
2 76
8 55
7 14
1 58
1 62
9 3
8 27
9 85
1 82
3 77
1 10
1 95
4 98
4 24
2 91
2 1
2 76
3 67
1 69
3 33
1 93
1 92
10 23
5 4
2 63
2 60
3 43
9 13
3 45
3 67
7 14
2 0
2 41
6 85
2 24
2 7
5 38
6 37
4 63
10 74
7 60
4 94
3 66
1 48
7 90
4 56
6 6
2 57
9 19
3 32
3 77
2 67
6 58
5 57
8 73
7 88
3 98
8 41
4 65
9 83
10 25
4 29
5 61
9 43
2 64
2 96
1 27
2 88
9 11
3 8
6 40
10 45
4 64
3 84
1 86
5 28
7 26
2 84
3 53
7 73
5 63
7 49
6 97
5 8
4 7
4 10
2 3
9 29
10 24
4 26
6 86
6 21
8 13
1 32
3 73
9 56
3 87
9 5
8 84
10 10
7 43
6 75
5 57
2 10
5 13
5 71
2 71
8 32
1 71
3 93
5 62
3 76
2 19
4 12
1 52
5 66
1 48
9 49
7 72
7 15
10 41
7 20
5 89
8 34
3 62
1 76
7 74
9 29
10 8
6 88
1 22
3 75
7 91
4 36
9 31
2 25
7 76
9 92
9 2
7 3
4 80
7 59
7 97
5 58
3 3
9 62
6 4
3 74
2 84
10 51
8 42
4 52
9 3
1 83
8 18
5 74
10 12
6 16
2 35
3 78
10 17
4 90
10 90
3 84
6 19
8 53
5 4
1 72
5 44
3 8
1 74
6 75
7 80
10 11
4 34
3 53
5 31
5 65
8 93
5 17
1 97
3 14
6 72
6 4
9 44
7 29
10 50
10 82
8 10
9 48
4 6
2 2
4 81
5 95
2 22
10 80
9 55
9 59
1 80
9 62
10 18
2 11
4 34
6 0
3 40
10 61
4 24
5 48
2 72
1 24
6 40
7 9
9 46
1 12
1 95
2 38
2 24
2 37
3 90
10 79
3 9
9 83
9 45
7 96
5 98
6 52
1 100
10 66
5 16
4 59
4 52
2 86
9 60
8 78
7 33
4 83
3 96
6 48
3 67
9 49
4 14
3 55
9 66
10 4
7 25
6 93
6 84
4 1
10 76
9 53
3 87
6 20
8 91
8 97
10 13
1 83
10 33
5 57
2 37
10 75
4 23
9 78
8 66
3 54
10 17
6 37
10 83
1 6
10 33
7 61
4 37
4 67
4 57
6 30
1 40
3 89
2 41
10 72
1 36
7 65
7 47
1 40
4 70
10 72
2 25
7 52
6 34
3 90
2 96
10 47
8 65
1 46
8 15
6 38
8 28
10 93
9 7
4 41
7 91
8 6
10 58
10 81
1 2
8 93
1 100
7 22
8 42
4 16
10 92
10 68
6 70
3 35
9 81
2 57
6 83
9 50
3 56
2 63
5 62
8 44
3 44
6 61
5 23
6 90
7 75
5 2
4 70
3 50
9 33
3 43
2 58
6 1
6 45
4 42
6 20
9 45
10 38
3 69
10 53
8 24
5 38
7 3
5 33
5 59
10 24
4 52
7 96
8 86
7 45
3 57
1 72
7 42
5 2
9 36
9 46
7 58
2 15
4 90
10 24
6 79
9 70
8 95
8 53
2 59
3 81
4 67
7 66
2 47
6 15
4 76
2 13
8 12
8 33
1 60
6 46
3 96
1 21
6 31
4 68
2 51
5 11
10 52
3 50
3 81
1 7
2 61
7 23
7 76
3 53
8 16
7 28
2 92
1 97
5 1
10 68
4 7
4 87
7 87
7 88
4 2
1 57
7 95
3 82
8 90
2 78
2 49
4 82
10 86
9 60
5 88
8 9
2 15
2 42
2 29
3 51
4 22
8 68
4 19
8 55
10 93
1 21
7 58
4 3
9 39
4 70
5 84
3 42
4 42
6 16
7 58
10 6
10 46
8 74
6 4
10 15
8 59
7 53
8 68
10 62
10 10
2 79
9 73
7 47
5 37
8 24
8 58
5 70
5 28
8 81
9 65
1 54
9 75
3 22
1 18
6 49
2 58
7 85
3 39
7 13
2 12
6 73
2 43
1 22
8 10
7 97
10 86
6 72
9 33
6 79
7 67
9 80
6 45
8 60
2 92
8 7
3 38
1 57
9 29
1 1
8 87
3 11
1 69
10 12
5 36
3 2
2 34
6 76
1 62
8 96
9 60
3 24
2 53
2 45
5 20
6 2
7 36
5 87
6 58
10 76
2 95
10 45
10 21
7 51
2 87
5 54
2 36
10 62
3 59
1 87
3 95
4 10
3 72
2 34
7 9
7 23
7 62
2 68
4 24
2 57
8 69
8 43
5 7
8 54
6 29
9 14
3 39
6 11
4 32
6 9
6 55
5 35
6 70
1 34
2 5
2 69
10 84
9 84
8 26
1 30
5 81
4 49
10 83
8 75
8 90
8 13
4 47
2 29
6 6
10 94
10 99
6 87
5 36
2 41
4 17
2 51
2 54
10 38
5 60
2 49
10 92
10 77
3 18
1 44
6 2
2 10
2 50
9 89
10 25
9 8
9 80
9 50
3 82
4 20
5 57
1 19
5 45
3 41
7 80
6 7
4 29
8 69
10 24
10 13
7 60
7 39
3 62
2 49
5 11
4 22
10 34
2 83
5 41
2 73
9 45
2 37
10 2
3 23
5 35
5 38
2 48
4 55
4 34
10 86
2 53
9 18
9 63
2 86
8 71
4 20
3 44
1 51
2 85
1 25
10 76
6 46
2 23
3 43
7 26
3 36
8 30
5 29
3 14
10 37
4 78
5 77
2 15
5 28
7 38
5 92
2 93
5 97
9 9
2 93
8 90
5 13
8 82
2 9
8 45
7 96
8 40
1 10
5 63
5 27
2 51
10 14
2 43
10 82
8 24
7 42
9 30
7 72
8 16
2 11
4 34
4 24
1 72
8 30
1 39
2 15
10 39
6 6
8 73
4 15
5 93
10 37
7 26
1 77
1 66
3 8
3 75
3 40
1 65
5 51
6 50
4 28
8 89
9 9
7 92
10 74
8 50
5 63
1 32
1 2
2 7
10 73
4 5
1 5
5 66
8 5
3 55
9 80
1 84
3 96
7 71
3 27
3 68
3 57
8 47
7 3
1 2
3 54
10 7
4 49
3 32
10 97
8 20
7 77
6 53
2 19
8 0
6 100
1 48
6 71
10 98
5 89
2 34
4 100
8 92
8 49
1 79
5 54
7 35
2 48
7 98
4 28
4 91
3 92
7 67
6 56
9 7
1 23
3 87
10 62
9 27
2 63
3 54
5 47
5 50
1 62
3 53
5 89
10 17
1 26
4 35
8 15
8 30
4 80
7 75
1 69
1 62
9 70
4 66
7 25
8 39
2 49
2 93
4 61
1 24
10 25
4 27
8 57
10 96
10 97
8 10
7 8
6 76
7 63
4 44
5 46
1 91
2 97
9 20
5 74
3 50
10 77
5 84
3 63
7 70
4 35
6 90
5 24
7 2
1 94
8 85
5 19
1 4
2 60
5 5
10 50
1 79
4 48
5 26
9 37
4 8
5 59
8 28
1 94
5 46
10 32
2 79
4 81
4 100
6 50
4 14
9 57
10 52
9 99
8 13
2 91
3 73
4 64
2 79
8 33
10 11
1 15
5 49
2 79
4 12
10 42
2 6
3 66
8 20
10 3
3 17
9 78
8 70
10 11
10 51
4 0
3 48
10 44
4 1
10 91
7 84
10 39
5 76
8 6
2 64
4 39
8 8
2 38
5 86
2 90
9 3
2 26
1 66
1 15
7 41
3 79
9 39
10 14
3 17
1 15
9 2
6 96
8 70
4 2
5 78
2 47
7 51
9 25
5 9
5 33
1 59
2 22
9 43
5 76
8 1
9 17
6 73
1 5
3 61
3 12
9 47
9 42
10 87
6 76
3 15
6 80
2 95
10 10
4 83
6 27
1 2
6 35
9 20
6 85
9 46
6 41
7 59
4 22
4 65
4 29
3 57
6 72
9 22
5 100
9 78
5 19
7 38
2 67
6 46
6 99
1 80
8 5
2 42
10 95
10 93
8 63
2 35
4 90
9 64
8 78
9 58
9 86
3 56
3 48
10 94
10 76
2 43
4 34
2 17
3 36
1 46
4 6
10 97
3 37
6 34
2 31
6 25
3 7
10 97
3 27
1 32
3 48
8 8
5 19
7 97
1 10
2 50
10 21
5 34
7 62
4 8
3 44
1 98
2 89
10 8
3 16
2 71
4 76
9 79
9 76
1 79
2 70
4 21
3 68
10 20
3 30
1 23
2 43
1 97
3 75
10 69
3 6
6 27
3 80
4 42
7 39
6 37
3 1
6 29
6 22
10 44
7 58
10 15
8 22
3 43
8 61
2 81
2 58
10 20
10 50
1 23
8 23
9 59
2 64
8 23
10 35
1 25
9 19
8 28
3 6
9 32
8 55
3 56
6 29
7 66
3 75
6 84
9 99
6 58
7 5
4 19
10 51
8 38
1 87
10 66
2 31
8 43
9 12
4 43
4 97
5 23
3 8
10 62
5 81
6 52
5 94
1 100
5 13
4 96
2 18
8 62
6 78
1 27
6 79
5 10
9 46
6 54
7 2
7 46
5 82
4 21
4 5
10 86
3 51
8 20
10 40
6 75
1 30
9 13
6 41
8 77
10 21
3 64
3 48
9 3
3 15
9 1
6 67
9 26
8 81
10 47
1 53
10 10
4 30
2 3
1 96
1 12
6 61
9 89
9 35
10 36
5 5
4 9
5 31
8 71
8 54
4 3
2 21
10 19
6 72
3 93
4 32
4 60
6 96
5 95
9 78
10 0
8 51
3 55
1 4
9 71
3 56
6 88
9 59
10 88
1 59
2 69
5 94
1 28
6 0
10 60
4 15
1 66
3 36
10 2
9 45
10 61
3 10
10 87
1 23
8 78
8 58
2 72
7 91
5 43
6 2
10 34
3 57
2 84
9 26
8 85
2 21
9 54
3 86
6 88
9 59
4 7
2 22
10 5
7 79
5 87
2 48
3 93
10 49
3 55
2 17
3 60
4 100
7 98
1 35
7 7
10 2
5 38
10 57
6 37
2 22
10 5
2 69
2 98
1 49
3 67
8 84
8 49
7 70
1 60
8 26
8 78
1 6
3 95
3 11
6 34
4 13
1 7
6 76
10 78
10 15
5 86
5 53
1 45
4 12
1 40
4 86
9 6
9 53
6 27
7 44
10 86
9 91
3 7
8 34
8 45
5 44
1 33
8 86
6 86
6 87
8 31
10 20
7 81
4 73
7 40
4 19
2 24
8 33
6 55
9 44
7 5
7 78
7 41
6 9
5 33
6 62
7 32
8 88
9 9
3 53
8 2
3 68
7 19
8 76
6 96
4 80
10 9
2 54
1 34
4 9
5 75
4 21
8 46
4 17
8 57
1 42
4 84
10 37
8 55
5 73
1 91
2 49
4 6
1 49
3 67
10 60
10 48
1 75
2 7
9 45
1 85
2 78
10 36
5 60
5 69
5 31
3 17
5 86
10 24
8 95
2 38
10 44
7 29
9 55
10 13
8 27
10 45
1 71
1 63
1 11
5 94
4 84
3 42
6 95
6 50
9 63
2 54
8 12
7 80
6 55
2 89
7 16
9 49
4 74
1 23
8 86
7 55
2 96
3 79
8 73
7 74
4 66
1 21
7 94
4 65
3 86
8 16
10 8
7 36
6 55
1 16
8 91
1 37
4 81
1 28
7 41
5 63
10 47
6 1
1 1
7 100
6 2
8 59
3 71
10 66
1 65
8 71
9 87
4 42
3 92
9 11
5 56
9 24
5 35
6 15
6 50
8 64
4 77
1 87
2 64
1 35
8 90
7 35
5 6
2 28
10 35
4 42
7 34
1 16
6 20
5 29
4 80
10 52
1 18
8 49
2 55
8 78
1 25
8 67
9 10
8 2
6 100
10 29
6 61
4 44
7 92
3 78
2 27
1 74
10 39
9 38
5 14
1 96
5 15
3 34
2 86
4 20
3 21
9 45
9 64
8 83
6 31
9 95
10 32
7 6
5 82
9 27
10 36
7 71
2 71
2 72
1 61
9 14
8 44
6 91
3 28
6 50
6 99
4 21
3 79
8 12
2 39
2 41
8 14
9 69
5 97
7 20
9 98
7 88
1 0
4 71
8 75
10 65
5 42
10 12
10 79
3 10
5 92
4 7
3 36
10 87
9 42
5 72
6 74
9 57
4 79
3 28
9 96
6 12
7 35
1 25
7 9
8 17
10 100
3 66
2 10
7 60
8 18
5 72
2 19
7 27
8 39
5 29
4 45
3 39
9 48
5 91
5 99
6 14
3 15
9 74
8 34
2 3
4 41
5 94
7 4
4 87
7 46
7 30
2 49
5 88
6 10
2 29
3 20
5 63
6 30
2 78
3 44
3 71
5 10
10 60
7 78
6 9
2 18
2 11
7 91
9 35
10 30
6 42
9 18
2 29
9 70
2 95
9 26
10 49
3 17
8 9
8 58
8 46
3 54
5 52
6 32
8 80
7 44
10 61
3 62
1 69
2 3
3 78
10 69
10 30
2 61
3 68
6 26
2 99
3 17
1 57
6 36
10 42
5 59
5 4
3 34
1 69
7 88
2 87
4 12
4 65
4 63
1 0
5 85
1 87
10 30
9 31
8 36
2 58
1 73
1 87
4 59
4 11
7 65
4 46
1 91
5 83
6 26
9 38
4 65
7 80
9 27
2 87
9 93
7 4
6 17
6 69
10 25
4 92
7 60
6 85
10 85
6 31
9 40
5 13
8 2
6 35
2 63
6 19
7 25
2 50
3 25
3 66
9 75
2 89
4 22
10 89
8 8
7 56
5 31
4 59
5 94
6 71
2 16
1 90
2 90
1 14
8 3
10 72
2 40
9 15
10 12
5 35
1 62
9 35
6 38
5 30
6 24
10 23
8 69
7 17
8 80
10 27
4 87
9 39
6 65
2 96
2 98
3 28
6 63
5 80
5 36
1 31
10 75
1 67
10 43
9 53
1 32
6 30
2 62
4 87
3 83
8 54
7 35
7 16
2 53
6 100
2 9
1 18
6 87
5 45
7 50
7 28
2 17
4 27
5 90
10 52
8 38
8 52
7 3
9 85
1 78
4 87
8 58
7 81
4 62
5 15
2 32
6 57
9 28
10 52
10 62
3 73
7 90
9 73
9 46
6 51
4 4
8 13
1 40
8 49
8 41
4 34
1 29
3 70
3 5
9 54
8 9
9 10
9 18
5 4
5 41
6 37
8 30
5 54
8 47
1 91
3 28
9 4
7 63
9 89
6 5
9 97
3 83
5 99
3 48
1 12
3 23
3 47
8 18
10 52
6 3
7 96
8 37
4 92
1 67
3 26
2 95
10 100
7 12
8 88
7 97
3 3
3 43
7 98
8 52
4 20
7 91
7 5
7 75
8 67
8 60
3 14
6 77
9 27
6 52
3 95
2 37
9 78
4 74
4 36
6 25
6 41
4 91
4 43
2 12
10 66
2 42
7 100
5 100
1 24
2 49
6 74
4 9
10 39
5 39
6 19
7 32
3 57
8 34
8 3
2 92
1 6
9 6
1 51
6 100
8 57
7 24
7 93
5 44
7 39
2 33
4 3
9 23
5 2
6 55
5 23
9 50
10 57
2 36
8 1
7 81
2 77
9 7
10 34
9 62
5 71
1 50
1 8
5 6
2 91
10 77
3 65
8 76
9 87
8 91
9 64
6 97
4 78
9 26
7 0
8 37
10 67
4 89
7 92
8 56
7 75
10 78
3 75
5 97
9 97
2 76
7 80
10 37
4 56
10 84
9 28
4 74
8 48
8 17
1 10
1 20
7 53
6 21
7 33
3 42
6 17
10 47
10 5
4 75
7 7
1 81
3 69
1 63
8 7
1 3
4 48
4 46
6 59
8 43
3 65
4 77
4 91
7 42
1 86
10 96
10 36
3 28
10 42
4 28
5 82
9 100
9 53
8 25
6 37
8 69
4 24
1 26
6 99
8 21
5 25
4 10
2 34
10 21
10 97
1 54
9 11
2 82
1 31
9 80
9 19
8 88
5 54
7 99
2 37
4 31
3 83
8 2
2 13
1 68
5 84
5 23
10 50
6 2
7 14
8 55
9 77
3 11
4 73
6 56
10 3
5 39
2 75
4 10
2 78
4 93
1 15
8 44
2 81
2 5
3 19
6 75
3 12
2 62
1 90
5 58
1 58
3 30
4 74
3 6
4 20
10 3
4 63
5 17
1 76
4 21
1 76
10 97
7 0
2 30
1 45
2 80
9 45
4 49
1 98
1 71
1 70
4 87
9 31
8 5
10 23
5 7
3 63
3 27
9 24
2 67
10 34
8 50
10 65
7 33
2 27
10 18
3 96
5 49
2 79
5 3
8 7
3 60
4 63
1 71
9 2
3 97
2 51
4 18
5 64
5 53
9 67
9 93
1 4
6 100
10 50
3 97
6 98
10 12
5 29
2 47
1 38
2 100
4 62
2 2
8 17
10 64
6 63
8 50
9 100
9 53
10 7
8 79
2 52
8 93
6 6
3 39
1 1
7 87
9 63
7 83
1 12
2 0
9 8
4 99
1 47
5 46
4 18
7 77
5 93
4 83
7 34
4 40
3 9
7 66
7 6
2 20
2 73
8 66
1 86
10 50
2 3
2 20
4 2
1 27
6 43
10 16
3 4
3 36
8 83
10 69
9 24
6 85
5 10
1 59
7 25
10 75
3 11
2 38
5 59
2 45
10 72
1 99
3 5
2 7
9 93
8 46
9 32
7 54
6 27
7 86
8 42
2 14
7 41
8 63
4 15
3 31
2 94
5 85
10 41
2 55
5 74
3 29
9 81
8 42
6 35
3 85
10 29
8 41
2 67
9 1
9 48
8 99
7 20
8 99
9 84
7 34
6 51
1 14
9 27
6 11
8 87
1 25
5 15
2 48
10 9
6 93
1 7
4 7
10 18
4 48
10 45
6 48
9 0
8 54
1 48
5 15
9 22
7 5
1 21
3 15
5 77
7 23
10 15
9 24
9 48
8 78
2 87
2 94
10 53
7 32
9 78
4 99
9 14
4 93
3 92
7 72
2 72
10 8
3 97
2 94
4 8
3 29
7 49
10 76
5 3
8 19
4 65
4 20
3 72
4 63
5 13
9 77
6 2
8 63
9 100
7 90
3 2
5 46
6 23
5 10
8 13
5 25
1 3
3 25
2 15
2 26
8 66
1 84
1 35
3 42
10 74
8 99
10 4
4 19
3 96
10 58
1 52
2 43
2 52
8 55
3 1
10 78
3 35
7 90
1 78
5 24
1 91
5 66
2 98
7 15
4 59
3 23
2 2
6 51
3 69
8 15
2 28
9 19
4 22
7 63
3 90
10 36
2 55
4 32
1 20
6 37
9 77
9 30
9 30
9 58
9 27
9 38
6 3
5 92
8 1
4 88
4 2
1 76
1 67
1 17
4 22
10 85
2 74
7 4
10 99
2 27
9 39
10 44
3 9
6 19
2 41
5 49
6 24
2 89
5 23
9 29
4 43
3 56
2 75
2 32
10 71
3 10
1 9
4 35
8 0
